1,1,0
1,2,0
1,3,604462909807314587353088
1,4,906694364710971881029632
1,5,1057810092162800527867904
1,6,1133367955888714851287040
1,7,1171146887751672012996608
1,8,1190036353683150593851392
1,9,1199481086648889884278784
1,10,0
1,11,0
1,12,0
1,13,0
1,14,0
1,15,0
1,16,0
1,17,0
1,18,0
1,19,2361183241434822606848
1,20,0
1,21,1180591620717411303424
1,22,0
1,23,0
1,24,0
1,25,0
1,26,0
1,27,0
1,28,2365794927453249994752
1,29,0
1,30,0
1,31,1181744542222018150400
1,32,0
1,33,0
1,34,0
1,35,0
1,36,0
1,37,2365803934652504735744
1,38,0
1,39,0
1,40,0
1,41,1181745668121924993024
1,42,0
1,43,0
1,44,0
1,45,0
1,46,2365803952244690780160
1,47,0
1,48,0
1,49,0
1,50,0
1,51,1181745669221436620800
1,52,0
1,53,0
1,54,0
1,55,2365803952279050518528
1,56,0
1,57,0
1,58,0
1,59,0
1,60,0
1,61,1181745669222510362624
1,62,0
1,63,0
1,64,2365803952279117627392
1,65,0
1,66,0
1,67,0
1,68,0
1,69,0
1,70,0
1,71,1181745669222511411200
1,72,0
1,73,2365803952279117758464
1,74,0
1,75,0
1,76,0
1,77,0
1,78,0
1,79,0
1,80,0
1,81,1181745669222511412224
2,1,0
2,2,0
2,3,0
2,4,302231454903657293676544
2,5,453347182355485940514816
2,6,528905046081400263933952
2,7,566683977944357425643520
2,8,585573443875836006498304
2,9,595018176841575296925696
2,10,0
2,11,0
2,12,0
2,13,0
2,14,0
2,15,0
2,16,0
2,17,0
2,18,0
2,19,0
2,20,1180591620717411303424
2,21,0
2,22,590295810358705651712
2,23,0
2,24,0
2,25,0
2,26,0
2,27,0
2,28,0
2,29,1182897463726624997376
2,30,0
2,31,0
2,32,590872271111009075200
2,33,0
2,34,0
2,35,0
2,36,0
2,37,0
2,38,1182901967326252367872
2,39,0
2,40,0
2,41,0
2,42,590872834060962496512
2,43,0
2,44,0
2,45,0
2,46,0
2,47,1182901976122345390080
2,48,0
2,49,0
2,50,0
2,51,0
2,52,590872834610718310400
2,53,0
2,54,0
2,55,0
2,56,1182901976139525259264
2,57,0
2,58,0
2,59,0
2,60,0
2,61,0
2,62,590872834611255181312
2,63,0
2,64,0
2,65,1182901976139558813696
2,66,0
2,67,0
2,68,0
2,69,0
2,70,0
2,71,0
2,72,590872834611255705600
2,73,0
2,74,1182901976139558879232
2,75,0
2,76,0
2,77,0
2,78,0
2,79,0
2,80,0
2,81,0
3,1,604462909807314587353088
3,2,0
3,3,0
3,4,0
3,5,151115727451828646838272
3,6,226673591177742970257408
3,7,264452523040700131966976
3,8,283341988972178712821760
3,9,292786721937918003249152
3,10,0
3,11,0
3,12,0
3,13,0
3,14,0
3,15,0
3,16,0
3,17,0
3,18,0
3,19,1180591620717411303424
3,20,0
3,21,590295810358705651712
3,22,0
3,23,295147905179352825856
3,24,0
3,25,0
3,26,0
3,27,0
3,28,0
3,29,0
3,30,591448731863312498688
3,31,0
3,32,0
3,33,295436135555504537600
3,34,0
3,35,0
3,36,0
3,37,0
3,38,0
3,39,591450983663126183936
3,40,0
3,41,0
3,42,0
3,43,295436417030481248256
3,44,0
3,45,0
3,46,0
3,47,0
3,48,591450988061172695040
3,49,0
3,50,0
3,51,0
3,52,0
3,53,295436417305359155200
3,54,0
3,55,0
3,56,0
3,57,591450988069762629632
3,58,0
3,59,0
3,60,0
3,61,0
3,62,0
3,63,295436417305627590656
3,64,0
3,65,0
3,66,591450988069779406848
3,67,0
3,68,0
3,69,0
3,70,0
3,71,0
3,72,0
3,73,0
3,74,0
3,75,591450988069779439616
3,76,0
3,77,0
3,78,0
3,79,0
3,80,0
3,81,0
4,1,906694364710971881029632
4,2,302231454903657293676544
4,3,0
4,4,0
4,5,0
4,6,75557863725914323419136
4,7,113336795588871485128704
4,8,132226261520350065983488
4,9,141670994486089356410880
4,10,0
4,11,0
4,12,0
4,13,0
4,14,0
4,15,0
4,16,0
4,17,0
4,18,0
4,19,0
4,20,590295810358705651712
4,21,0
4,22,295147905179352825856
4,23,0
4,24,147573952589676412928
4,25,0
4,26,0
4,27,0
4,28,592601653367919345664
4,29,0
4,30,0
4,31,295724365931656249344
4,32,0
4,33,0
4,34,147718067777752268800
4,35,0
4,36,0
4,37,0
4,38,0
4,39,0
4,40,295725491831563091968
4,41,0
4,42,0
4,43,0
4,44,147718208515240624128
4,45,0
4,46,0
4,47,0
4,48,0
4,49,295725494030586347520
4,50,0
4,51,0
4,52,0
4,53,0
4,54,147718208652679577600
4,55,0
4,56,0
4,57,0
4,58,295725494034881314816
4,59,0
4,60,0
4,61,0
4,62,0
4,63,0
4,64,0
4,65,0
4,66,0
4,67,295725494034889703424
4,68,0
4,69,0
4,70,0
4,71,0
4,72,0
4,73,0
4,74,0
4,75,0
4,76,295725494034889719808
4,77,0
4,78,0
4,79,0
4,80,0
4,81,0
5,1,1057810092162800527867904
5,2,453347182355485940514816
5,3,151115727451828646838272
5,4,0
5,5,0
5,6,0
5,7,37778931862957161709568
5,8,56668397794435742564352
5,9,66113130760175032991744
5,10,0
5,11,0
5,12,0
5,13,0
5,14,0
5,15,0
5,16,0
5,17,0
5,18,0
5,19,0
5,20,0
5,21,295147905179352825856
5,22,0
5,23,147573952589676412928
5,24,0
5,25,73786976294838206464
5,26,0
5,27,0
5,28,0
5,29,296300826683959672832
5,30,0
5,31,0
5,32,147862182965828124672
5,33,0
5,34,0
5,35,73859033888876134400
5,36,0
5,37,296305330283587043328
5,38,0
5,39,0
5,40,0
5,41,147862745915781545984
5,42,0
5,43,0
5,44,0
5,45,73859104257620312064
5,46,0
5,47,0
5,48,0
5,49,0
5,50,147862747015293173760
5,51,0
5,52,0
5,53,0
5,54,0
5,55,0
5,56,0
5,57,0
5,58,0
5,59,147862747017440657408
5,60,0
5,61,0
5,62,0
5,63,0
5,64,0
5,65,0
5,66,0
5,67,0
5,68,147862747017444851712
5,69,0
5,70,0
5,71,0
5,72,0
5,73,0
5,74,0
5,75,0
5,76,0
5,77,147862747017444859904
5,78,0
5,79,0
5,80,0
5,81,0
6,1,1133367955888714851287040
6,2,528905046081400263933952
6,3,226673591177742970257408
6,4,75557863725914323419136
6,5,0
6,6,0
6,7,0
6,8,18889465931478580854784
6,9,28334198897217871282176
6,10,0
6,11,0
6,12,0
6,13,0
6,14,0
6,15,0
6,16,0
6,17,0
6,18,0
6,19,0
6,20,0
6,21,0
6,22,147573952589676412928
6,23,0
6,24,73786976294838206464
6,25,0
6,26,36893488147419103232
6,27,0
6,28,0
6,29,0
6,30,148150413341979836416
6,31,0
6,32,0
6,33,73931091482914062336
6,34,0
6,35,0
6,36,36929516944438067200
6,37,0
6,38,148152665141793521664
6,39,0
6,40,0
6,41,0
6,42,73931372957890772992
6,43,0
6,44,0
6,45,0
6,46,148152673937886543872
6,47,0
6,48,0
6,49,0
6,50,0
6,51,73931373507646586880
6,52,0
6,53,0
6,54,0
6,55,0
6,56,0
6,57,0
6,58,0
6,59,0
6,60,73931373508720328704
6,61,0
6,62,0
6,63,0
6,64,0
6,65,0
6,66,0
6,67,0
6,68,0
6,69,73931373508722425856
6,70,0
6,71,0
6,72,0
6,73,0
6,74,0
6,75,0
6,76,0
6,77,0
6,78,73931373508722429952
6,79,0
6,80,0
6,81,0
7,1,1171146887751672012996608
7,2,566683977944357425643520
7,3,264452523040700131966976
7,4,113336795588871485128704
7,5,37778931862957161709568
7,6,0
7,7,0
7,8,0
7,9,9444732965739290427392
7,10,0
7,11,0
7,12,0
7,13,0
7,14,0
7,15,0
7,16,0
7,17,0
7,18,0
7,19,0
7,20,0
7,21,0
7,22,0
7,23,73786976294838206464
7,24,0
7,25,36893488147419103232
7,26,0
7,27,18446744073709551616
7,28,0
7,29,0
7,30,0
7,31,74075206670989918208
7,32,0
7,33,0
7,34,36965545741457031168
7,35,0
7,36,0
7,37,0
7,38,0
7,39,74076332570896760832
7,40,0
7,41,0
7,42,0
7,43,36965686478945386496
7,44,0
7,45,0
7,46,0
7,47,74076336968943271936
7,48,0
7,49,0
7,50,0
7,51,0
7,52,36965686753823293440
7,53,0
7,54,0
7,55,74076336986123141120
7,56,0
7,57,0
7,58,0
7,59,0
7,60,0
7,61,36965686754360164352
7,62,0
7,63,0
7,64,0
7,65,0
7,66,0
7,67,0
7,68,0
7,69,0
7,70,36965686754361212928
7,71,0
7,72,0
7,73,0
7,74,0
7,75,0
7,76,0
7,77,0
7,78,0
7,79,36965686754361214976
7,80,0
7,81,0
8,1,1190036353683150593851392
8,2,585573443875836006498304
8,3,283341988972178712821760
8,4,132226261520350065983488
8,5,56668397794435742564352
8,6,18889465931478580854784
8,7,0
8,8,0
8,9,0
8,10,0
8,11,0
8,12,0
8,13,0
8,14,0
8,15,0
8,16,0
8,17,0
8,18,0
8,19,0
8,20,0
8,21,0
8,22,0
8,23,0
8,24,36893488147419103232
8,25,0
8,26,18446744073709551616
8,27,0
8,28,0
8,29,0
8,30,0
8,31,0
8,32,37037603335494959104
8,33,0
8,34,0
8,35,18482772870728515584
8,36,0
8,37,0
8,38,0
8,39,0
8,40,37038166285448380416
8,41,0
8,42,0
8,43,0
8,44,18482843239472693248
8,45,0
8,46,0
8,47,0
8,48,37038168484471635968
8,49,0
8,50,0
8,51,0
8,52,0
8,53,18482843376911646720
8,54,0
8,55,0
8,56,37038168493061570560
8,57,0
8,58,0
8,59,0
8,60,0
8,61,0
8,62,18482843377180082176
8,63,0
8,64,37038168493095124992
8,65,0
8,66,0
8,67,0
8,68,0
8,69,0
8,70,0
8,71,18482843377180606464
8,72,0
8,73,0
8,74,0
8,75,0
8,76,0
8,77,0
8,78,0
8,79,0
8,80,18482843377180607488
8,81,0
9,1,1199481086648889884278784
9,2,595018176841575296925696
9,3,292786721937918003249152
9,4,141670994486089356410880
9,5,66113130760175032991744
9,6,28334198897217871282176
9,7,9444732965739290427392
9,8,0
9,9,0
9,10,0
9,11,0
9,12,0
9,13,0
9,14,0
9,15,0
9,16,0
9,17,0
9,18,0
9,19,0
9,20,0
9,21,0
9,22,0
9,23,0
9,24,0
9,25,18446744073709551616
9,26,0
9,27,9223372036854775808
9,28,0
9,29,0
9,30,0
9,31,0
9,32,0
9,33,18518801667747479552
9,34,0
9,35,0
9,36,9241386435364257792
9,37,0
9,38,0
9,39,0
9,40,0
9,41,18519083142724190208
9,42,0
9,43,0
9,44,0
9,45,9241421619736346624
9,46,0
9,47,0
9,48,0
9,49,18519084242235817984
9,50,0
9,51,0
9,52,0
9,53,0
9,54,9241421688455823360
9,55,0
9,56,0
9,57,18519084246530785280
9,58,0
9,59,0
9,60,0
9,61,0
9,62,0
9,63,9241421688590041088
9,64,0
9,65,18519084246547562496
9,66,0
9,67,0
9,68,0
9,69,0
9,70,0
9,71,0
9,72,9241421688590303232
9,73,18519084246547628032
9,74,0
9,75,0
9,76,0
9,77,0
9,78,0
9,79,0
9,80,0
9,81,9241421688590303744
10,1,0
10,2,0
10,3,0
10,4,0
10,5,0
10,6,0
10,7,0
10,8,0
10,9,0
10,10,0
10,11,0
10,12,1180591620717411303424
10,13,1770887431076116955136
10,14,2066035336255469780992
10,15,2213609288845146193920
10,16,2287396265139984400384
10,17,2324289753287403503616
10,18,2342736497361113055232
10,19,0
10,20,0
10,21,0
10,22,0
10,23,0
10,24,0
10,25,0
10,26,0
10,27,0
10,28,4611686018427387904
10,29,0
10,30,2305843009213693952
10,31,0
10,32,0
10,33,0
10,34,0
10,35,0
10,36,0
10,37,4620693217682128896
10,38,0
10,39,0
10,40,2308094809027379200
10,41,0
10,42,0
10,43,0
10,44,0
10,45,0
10,46,4620710809868173312
10,47,0
10,48,0
10,49,0
10,50,2308097008050634752
10,51,0
10,52,0
10,53,0
10,54,0
10,55,4620710844227911680
10,56,0
10,57,0
10,58,0
10,59,0
10,60,2308097010198118400
10,61,0
10,62,0
10,63,0
10,64,4620710844295020544
10,65,0
10,66,0
10,67,0
10,68,0
10,69,0
10,70,2308097010200215552
10,71,0
10,72,0
10,73,4620710844295151616
10,74,0
10,75,0
10,76,0
10,77,0
10,78,0
10,79,0
10,80,2308097010200217600
10,81,0
11,1,0
11,2,0
11,3,0
11,4,0
11,5,0
11,6,0
11,7,0
11,8,0
11,9,0
11,10,0
11,11,0
11,12,0
11,13,590295810358705651712
11,14,885443715538058477568
11,15,1033017668127734890496
11,16,1106804644422573096960
11,17,1143698132569992200192
11,18,1162144876643701751808
11,19,0
11,20,0
11,21,0
11,22,0
11,23,0
11,24,0
11,25,0
11,26,0
11,27,0
11,28,0
11,29,2305843009213693952
11,30,0
11,31,1152921504606846976
11,32,0
11,33,0
11,34,0
11,35,0
11,36,0
11,37,0
11,38,2310346608841064448
11,39,0
11,40,0
11,41,1154047404513689600
11,42,0
11,43,0
11,44,0
11,45,0
11,46,0
11,47,2310355404934086656
11,48,0
11,49,0
11,50,0
11,51,1154048504025317376
11,52,0
11,53,0
11,54,0
11,55,0
11,56,2310355422113955840
11,57,0
11,58,0
11,59,0
11,60,0
11,61,1154048505099059200
11,62,0
11,63,0
11,64,0
11,65,2310355422147510272
11,66,0
11,67,0
11,68,0
11,69,0
11,70,0
11,71,1154048505100107776
11,72,0
11,73,0
11,74,2310355422147575808
11,75,0
11,76,0
11,77,0
11,78,0
11,79,0
11,80,0
11,81,1154048505100108800
12,1,0
12,2,0
12,3,0
12,4,0
12,5,0
12,6,0
12,7,0
12,8,0
12,9,0
12,10,1180591620717411303424
12,11,0
12,12,0
12,13,0
12,14,295147905179352825856
12,15,442721857769029238784
12,16,516508834063867445248
12,17,553402322211286548480
12,18,571849066284996100096
12,19,0
12,20,0
12,21,0
12,22,0
12,23,0
12,24,0
12,25,0
12,26,0
12,27,0
12,28,2305843009213693952
12,29,0
12,30,1152921504606846976
12,31,0
12,32,576460752303423488
12,33,0
12,34,0
12,35,0
12,36,0
12,37,0
12,38,0
12,39,1155173304420532224
12,40,0
12,41,0
12,42,577023702256844800
12,43,0
12,44,0
12,45,0
12,46,0
12,47,0
12,48,1155177702467043328
12,49,0
12,50,0
12,51,0
12,52,577024252012658688
12,53,0
12,54,0
12,55,0
12,56,0
12,57,1155177711056977920
12,58,0
12,59,0
12,60,0
12,61,0
12,62,577024252549529600
12,63,0
12,64,0
12,65,0
12,66,1155177711073755136
12,67,0
12,68,0
12,69,0
12,70,0
12,71,0
12,72,577024252550053888
12,73,0
12,74,0
12,75,1155177711073787904
12,76,0
12,77,0
12,78,0
12,79,0
12,80,0
12,81,0
13,1,0
13,2,0
13,3,0
13,4,0
13,5,0
13,6,0
13,7,0
13,8,0
13,9,0
13,10,1770887431076116955136
13,11,590295810358705651712
13,12,0
13,13,0
13,14,0
13,15,147573952589676412928
13,16,221360928884514619392
13,17,258254417031933722624
13,18,276701161105643274240
13,19,0
13,20,0
13,21,0
13,22,0
13,23,0
13,24,0
13,25,0
13,26,0
13,27,0
13,28,0
13,29,1152921504606846976
13,30,0
13,31,576460752303423488
13,32,0
13,33,288230376151711744
13,34,0
13,35,0
13,36,0
13,37,1157425104234217472
13,38,0
13,39,0
13,40,577586652210266112
13,41,0
13,42,0
13,43,288511851128422400
13,44,0
13,45,0
13,46,0
13,47,0
13,48,0
13,49,577588851233521664
13,50,0
13,51,0
13,52,0
13,53,288512126006329344
13,54,0
13,55,0
13,56,0
13,57,0
13,58,577588855528488960
13,59,0
13,60,0
13,61,0
13,62,0
13,63,288512126274764800
13,64,0
13,65,0
13,66,0
13,67,577588855536877568
13,68,0
13,69,0
13,70,0
13,71,0
13,72,0
13,73,0
13,74,0
13,75,0
13,76,577588855536893952
13,77,0
13,78,0
13,79,0
13,80,0
13,81,0
14,1,0
14,2,0
14,3,0
14,4,0
14,5,0
14,6,0
14,7,0
14,8,0
14,9,0
14,10,2066035336255469780992
14,11,885443715538058477568
14,12,295147905179352825856
14,13,0
14,14,0
14,15,0
14,16,73786976294838206464
14,17,110680464442257309696
14,18,129127208515966861312
14,19,0
14,20,0
14,21,0
14,22,0
14,23,0
14,24,0
14,25,0
14,26,0
14,27,0
14,28,0
14,29,0
14,30,576460752303423488
14,31,0
14,32,288230376151711744
14,33,0
14,34,144115188075855872
14,35,0
14,36,0
14,37,0
14,38,578712552117108736
14,39,0
14,40,0
14,41,288793326105133056
14,42,0
14,43,0
14,44,144255925564211200
14,45,0
14,46,578721348210130944
14,47,0
14,48,0
14,49,0
14,50,288794425616760832
14,51,0
14,52,0
14,53,0
14,54,144256063003164672
14,55,0
14,56,0
14,57,0
14,58,0
14,59,288794427764244480
14,60,0
14,61,0
14,62,0
14,63,0
14,64,0
14,65,0
14,66,0
14,67,0
14,68,288794427768438784
14,69,0
14,70,0
14,71,0
14,72,0
14,73,0
14,74,0
14,75,0
14,76,0
14,77,288794427768446976
14,78,0
14,79,0
14,80,0
14,81,0
15,1,0
15,2,0
15,3,0
15,4,0
15,5,0
15,6,0
15,7,0
15,8,0
15,9,0
15,10,2213609288845146193920
15,11,1033017668127734890496
15,12,442721857769029238784
15,13,147573952589676412928
15,14,0
15,15,0
15,16,0
15,17,36893488147419103232
15,18,55340232221128654848
15,19,0
15,20,0
15,21,0
15,22,0
15,23,0
15,24,0
15,25,0
15,26,0
15,27,0
15,28,0
15,29,0
15,30,0
15,31,288230376151711744
15,32,0
15,33,144115188075855872
15,34,0
15,35,72057594037927936
15,36,0
15,37,0
15,38,0
15,39,289356276058554368
15,40,0
15,41,0
15,42,144396663052566528
15,43,0
15,44,0
15,45,72127962782105600
15,46,0
15,47,289360674105065472
15,48,0
15,49,0
15,50,0
15,51,144397212808380416
15,52,0
15,53,0
15,54,0
15,55,289360691284934656
15,56,0
15,57,0
15,58,0
15,59,0
15,60,144397213882122240
15,61,0
15,62,0
15,63,0
15,64,0
15,65,0
15,66,0
15,67,0
15,68,0
15,69,144397213884219392
15,70,0
15,71,0
15,72,0
15,73,0
15,74,0
15,75,0
15,76,0
15,77,0
15,78,144397213884223488
15,79,0
15,80,0
15,81,0
16,1,0
16,2,0
16,3,0
16,4,0
16,5,0
16,6,0
16,7,0
16,8,0
16,9,0
16,10,2287396265139984400384
16,11,1106804644422573096960
16,12,516508834063867445248
16,13,221360928884514619392
16,14,73786976294838206464
16,15,0
16,16,0
16,17,0
16,18,18446744073709551616
16,19,0
16,20,0
16,21,0
16,22,0
16,23,0
16,24,0
16,25,0
16,26,0
16,27,0
16,28,0
16,29,0
16,30,0
16,31,0
16,32,144115188075855872
16,33,0
16,34,72057594037927936
16,35,0
16,36,36028797018963968
16,37,0
16,38,0
16,39,0
16,40,144678138029277184
16,41,0
16,42,0
16,43,72198331526283264
16,44,0
16,45,0
16,46,0
16,47,0
16,48,144680337052532736
16,49,0
16,50,0
16,51,0
16,52,72198606404190208
16,53,0
16,54,0
16,55,0
16,56,144680345642467328
16,57,0
16,58,0
16,59,0
16,60,0
16,61,72198606941061120
16,62,0
16,63,0
16,64,144680345676021760
16,65,0
16,66,0
16,67,0
16,68,0
16,69,0
16,70,72198606942109696
16,71,0
16,72,0
16,73,0
16,74,0
16,75,0
16,76,0
16,77,0
16,78,0
16,79,72198606942111744
16,80,0
16,81,0
17,1,0
17,2,0
17,3,0
17,4,0
17,5,0
17,6,0
17,7,0
17,8,0
17,9,0
17,10,2324289753287403503616
17,11,1143698132569992200192
17,12,553402322211286548480
17,13,258254417031933722624
17,14,110680464442257309696
17,15,36893488147419103232
17,16,0
17,17,0
17,18,0
17,19,0
17,20,0
17,21,0
17,22,0
17,23,0
17,24,0
17,25,0
17,26,0
17,27,0
17,28,0
17,29,0
17,30,0
17,31,0
17,32,0
17,33,72057594037927936
17,34,0
17,35,36028797018963968
17,36,0
17,37,0
17,38,0
17,39,0
17,40,0
17,41,72339069014638592
17,42,0
17,43,0
17,44,36099165763141632
17,45,0
17,46,0
17,47,0
17,48,0
17,49,72340168526266368
17,50,0
17,51,0
17,52,0
17,53,36099303202095104
17,54,0
17,55,0
17,56,0
17,57,72340172821233664
17,58,0
17,59,0
17,60,0
17,61,0
17,62,36099303470530560
17,63,0
17,64,0
17,65,72340172838010880
17,66,0
17,67,0
17,68,0
17,69,0
17,70,0
17,71,36099303471054848
17,72,0
17,73,72340172838076416
17,74,0
17,75,0
17,76,0
17,77,0
17,78,0
17,79,0
17,80,36099303471055872
17,81,0
18,1,0
18,2,0
18,3,0
18,4,0
18,5,0
18,6,0
18,7,0
18,8,0
18,9,0
18,10,2342736497361113055232
18,11,1162144876643701751808
18,12,571849066284996100096
18,13,276701161105643274240
18,14,129127208515966861312
18,15,55340232221128654848
18,16,18446744073709551616
18,17,0
18,18,0
18,19,0
18,20,0
18,21,0
18,22,0
18,23,0
18,24,0
18,25,0
18,26,0
18,27,0
18,28,0
18,29,0
18,30,0
18,31,0
18,32,0
18,33,0
18,34,36028797018963968
18,35,0
18,36,18014398509481984
18,37,0
18,38,0
18,39,0
18,40,0
18,41,0
18,42,36169534507319296
18,43,0
18,44,0
18,45,18049582881570816
18,46,0
18,47,0
18,48,0
18,49,0
18,50,36170084263133184
18,51,0
18,52,0
18,53,0
18,54,18049651601047552
18,55,0
18,56,0
18,57,0
18,58,36170086410616832
18,59,0
18,60,0
18,61,0
18,62,0
18,63,18049651735265280
18,64,0
18,65,0
18,66,36170086419005440
18,67,0
18,68,0
18,69,0
18,70,0
18,71,0
18,72,18049651735527424
18,73,0
18,74,36170086419038208
18,75,0
18,76,0
18,77,0
18,78,0
18,79,0
18,80,0
18,81,18049651735527936
19,1,2361183241434822606848
19,2,0
19,3,1180591620717411303424
19,4,0
19,5,0
19,6,0
19,7,0
19,8,0
19,9,0
19,10,0
19,11,0
19,12,0
19,13,0
19,14,0
19,15,0
19,16,0
19,17,0
19,18,0
19,19,0
19,20,0
19,21,2305843009213693952
19,22,3458764513820540928
19,23,4035225266123964416
19,24,4323455642275676160
19,25,4467570830351532032
19,26,4539628424389459968
19,27,4575657221408423936
19,28,0
19,29,0
19,30,0
19,31,0
19,32,0
19,33,0
19,34,0
19,35,0
19,36,0
19,37,9007199254740992
19,38,0
19,39,4503599627370496
19,40,0
19,41,0
19,42,0
19,43,0
19,44,0
19,45,0
19,46,9024791440785408
19,47,0
19,48,0
19,49,4507997673881600
19,50,0
19,51,0
19,52,0
19,53,0
19,54,0
19,55,9024825800523776
19,56,0
19,57,0
19,58,0
19,59,4508001968848896
19,60,0
19,61,0
19,62,0
19,63,0
19,64,9024825867632640
19,65,0
19,66,0
19,67,0
19,68,0
19,69,4508001973043200
19,70,0
19,71,0
19,72,0
19,73,9024825867763712
19,74,0
19,75,0
19,76,0
19,77,0
19,78,0
19,79,4508001973047296
19,80,0
19,81,0
20,1,0
20,2,1180591620717411303424
20,3,0
20,4,590295810358705651712
20,5,0
20,6,0
20,7,0
20,8,0
20,9,0
20,10,0
20,11,0
20,12,0
20,13,0
20,14,0
20,15,0
20,16,0
20,17,0
20,18,0
20,19,0
20,20,0
20,21,0
20,22,1152921504606846976
20,23,1729382256910270464
20,24,2017612633061982208
20,25,2161727821137838080
20,26,2233785415175766016
20,27,2269814212194729984
20,28,0
20,29,0
20,30,0
20,31,0
20,32,0
20,33,0
20,34,0
20,35,0
20,36,0
20,37,0
20,38,4503599627370496
20,39,0
20,40,2251799813685248
20,41,0
20,42,0
20,43,0
20,44,0
20,45,0
20,46,0
20,47,4512395720392704
20,48,0
20,49,0
20,50,2253998836940800
20,51,0
20,52,0
20,53,0
20,54,0
20,55,0
20,56,4512412900261888
20,57,0
20,58,0
20,59,0
20,60,2254000984424448
20,61,0
20,62,0
20,63,0
20,64,0
20,65,4512412933816320
20,66,0
20,67,0
20,68,0
20,69,0
20,70,2254000986521600
20,71,0
20,72,0
20,73,0
20,74,4512412933881856
20,75,0
20,76,0
20,77,0
20,78,0
20,79,0
20,80,2254000986523648
20,81,0
21,1,1180591620717411303424
21,2,0
21,3,590295810358705651712
21,4,0
21,5,295147905179352825856
21,6,0
21,7,0
21,8,0
21,9,0
21,10,0
21,11,0
21,12,0
21,13,0
21,14,0
21,15,0
21,16,0
21,17,0
21,18,0
21,19,2305843009213693952
21,20,0
21,21,0
21,22,0
21,23,576460752303423488
21,24,864691128455135232
21,25,1008806316530991104
21,26,1080863910568919040
21,27,1116892707587883008
21,28,0
21,29,0
21,30,0
21,31,0
21,32,0
21,33,0
21,34,0
21,35,0
21,36,0
21,37,4503599627370496
21,38,0
21,39,2251799813685248
21,40,0
21,41,1125899906842624
21,42,0
21,43,0
21,44,0
21,45,0
21,46,0
21,47,0
21,48,2256197860196352
21,49,0
21,50,0
21,51,1126999418470400
21,52,0
21,53,0
21,54,0
21,55,0
21,56,0
21,57,2256206450130944
21,58,0
21,59,0
21,60,0
21,61,1127000492212224
21,62,0
21,63,0
21,64,0
21,65,0
21,66,2256206466908160
21,67,0
21,68,0
21,69,0
21,70,0
21,71,1127000493260800
21,72,0
21,73,0
21,74,0
21,75,2256206466940928
21,76,0
21,77,0
21,78,0
21,79,0
21,80,0
21,81,1127000493261824
22,1,0
22,2,590295810358705651712
22,3,0
22,4,295147905179352825856
22,5,0
22,6,147573952589676412928
22,7,0
22,8,0
22,9,0
22,10,0
22,11,0
22,12,0
22,13,0
22,14,0
22,15,0
22,16,0
22,17,0
22,18,0
22,19,3458764513820540928
22,20,1152921504606846976
22,21,0
22,22,0
22,23,0
22,24,288230376151711744
22,25,432345564227567616
22,26,504403158265495552
22,27,540431955284459520
22,28,0
22,29,0
22,30,0
22,31,0
22,32,0
22,33,0
22,34,0
22,35,0
22,36,0
22,37,0
22,38,2251799813685248
22,39,0
22,40,1125899906842624
22,41,0
22,42,562949953421312
22,43,0
22,44,0
22,45,0
22,46,2260595906707456
22,47,0
22,48,0
22,49,1128098930098176
22,50,0
22,51,0
22,52,563499709235200
22,53,0
22,54,0
22,55,0
22,56,0
22,57,0
22,58,1128103225065472
22,59,0
22,60,0
22,61,0
22,62,563500246106112
22,63,0
22,64,0
22,65,0
22,66,0
22,67,1128103233454080
22,68,0
22,69,0
22,70,0
22,71,0
22,72,563500246630400
22,73,0
22,74,0
22,75,0
22,76,1128103233470464
22,77,0
22,78,0
22,79,0
22,80,0
22,81,0
23,1,0
23,2,0
23,3,295147905179352825856
23,4,0
23,5,147573952589676412928
23,6,0
23,7,73786976294838206464
23,8,0
23,9,0
23,10,0
23,11,0
23,12,0
23,13,0
23,14,0
23,15,0
23,16,0
23,17,0
23,18,0
23,19,4035225266123964416
23,20,1729382256910270464
23,21,576460752303423488
23,22,0
23,23,0
23,24,0
23,25,144115188075855872
23,26,216172782113783808
23,27,252201579132747776
23,28,0
23,29,0
23,30,0
23,31,0
23,32,0
23,33,0
23,34,0
23,35,0
23,36,0
23,37,0
23,38,0
23,39,1125899906842624
23,40,0
23,41,562949953421312
23,42,0
23,43,281474976710656
23,44,0
23,45,0
23,46,0
23,47,1130297953353728
23,48,0
23,49,0
23,50,564049465049088
23,51,0
23,52,0
23,53,281749854617600
23,54,0
23,55,1130315133222912
23,56,0
23,57,0
23,58,0
23,59,564051612532736
23,60,0
23,61,0
23,62,0
23,63,281750123053056
23,64,0
23,65,0
23,66,0
23,67,0
23,68,564051616727040
23,69,0
23,70,0
23,71,0
23,72,0
23,73,0
23,74,0
23,75,0
23,76,0
23,77,564051616735232
23,78,0
23,79,0
23,80,0
23,81,0
24,1,0
24,2,0
24,3,0
24,4,147573952589676412928
24,5,0
24,6,73786976294838206464
24,7,0
24,8,36893488147419103232
24,9,0
24,10,0
24,11,0
24,12,0
24,13,0
24,14,0
24,15,0
24,16,0
24,17,0
24,18,0
24,19,4323455642275676160
24,20,2017612633061982208
24,21,864691128455135232
24,22,288230376151711744
24,23,0
24,24,0
24,25,0
24,26,72057594037927936
24,27,108086391056891904
24,28,0
24,29,0
24,30,0
24,31,0
24,32,0
24,33,0
24,34,0
24,35,0
24,36,0
24,37,0
24,38,0
24,39,0
24,40,562949953421312
24,41,0
24,42,281474976710656
24,43,0
24,44,140737488355328
24,45,0
24,46,0
24,47,0
24,48,565148976676864
24,49,0
24,50,0
24,51,282024732524544
24,52,0
24,53,0
24,54,140874927308800
24,55,0
24,56,565157566611456
24,57,0
24,58,0
24,59,0
24,60,282025806266368
24,61,0
24,62,0
24,63,0
24,64,565157600165888
24,65,0
24,66,0
24,67,0
24,68,0
24,69,282025808363520
24,70,0
24,71,0
24,72,0
24,73,0
24,74,0
24,75,0
24,76,0
24,77,0
24,78,282025808367616
24,79,0
24,80,0
24,81,0
25,1,0
25,2,0
25,3,0
25,4,0
25,5,73786976294838206464
25,6,0
25,7,36893488147419103232
25,8,0
25,9,18446744073709551616
25,10,0
25,11,0
25,12,0
25,13,0
25,14,0
25,15,0
25,16,0
25,17,0
25,18,0
25,19,4467570830351532032
25,20,2161727821137838080
25,21,1008806316530991104
25,22,432345564227567616
25,23,144115188075855872
25,24,0
25,25,0
25,26,0
25,27,36028797018963968
25,28,0
25,29,0
25,30,0
25,31,0
25,32,0
25,33,0
25,34,0
25,35,0
25,36,0
25,37,0
25,38,0
25,39,0
25,40,0
25,41,281474976710656
25,42,0
25,43,140737488355328
25,44,0
25,45,70368744177664
25,46,0
25,47,0
25,48,0
25,49,282574488338432
25,50,0
25,51,0
25,52,141012366262272
25,53,0
25,54,0
25,55,0
25,56,0
25,57,282578783305728
25,58,0
25,59,0
25,60,0
25,61,141012903133184
25,62,0
25,63,0
25,64,0
25,65,282578800082944
25,66,0
25,67,0
25,68,0
25,69,0
25,70,141012904181760
25,71,0
25,72,0
25,73,282578800148480
25,74,0
25,75,0
25,76,0
25,77,0
25,78,0
25,79,141012904183808
25,80,0
25,81,0
26,1,0
26,2,0
26,3,0
26,4,0
26,5,0
26,6,36893488147419103232
26,7,0
26,8,18446744073709551616
26,9,0
26,10,0
26,11,0
26,12,0
26,13,0
26,14,0
26,15,0
26,16,0
26,17,0
26,18,0
26,19,4539628424389459968
26,20,2233785415175766016
26,21,1080863910568919040
26,22,504403158265495552
26,23,216172782113783808
26,24,72057594037927936
26,25,0
26,26,0
26,27,0
26,28,0
26,29,0
26,30,0
26,31,0
26,32,0
26,33,0
26,34,0
26,35,0
26,36,0
26,37,0
26,38,0
26,39,0
26,40,0
26,41,0
26,42,140737488355328
26,43,0
26,44,70368744177664
26,45,0
26,46,0
26,47,0
26,48,0
26,49,0
26,50,141287244169216
26,51,0
26,52,0
26,53,70506183131136
26,54,0
26,55,0
26,56,0
26,57,0
26,58,141289391652864
26,59,0
26,60,0
26,61,0
26,62,70506451566592
26,63,0
26,64,0
26,65,0
26,66,141289400041472
26,67,0
26,68,0
26,69,0
26,70,0
26,71,70506452090880
26,72,0
26,73,0
26,74,141289400074240
26,75,0
26,76,0
26,77,0
26,78,0
26,79,0
26,80,70506452091904
26,81,0
27,1,0
27,2,0
27,3,0
27,4,0
27,5,0
27,6,0
27,7,18446744073709551616
27,8,0
27,9,9223372036854775808
27,10,0
27,11,0
27,12,0
27,13,0
27,14,0
27,15,0
27,16,0
27,17,0
27,18,0
27,19,4575657221408423936
27,20,2269814212194729984
27,21,1116892707587883008
27,22,540431955284459520
27,23,252201579132747776
27,24,108086391056891904
27,25,36028797018963968
27,26,0
27,27,0
27,28,0
27,29,0
27,30,0
27,31,0
27,32,0
27,33,0
27,34,0
27,35,0
27,36,0
27,37,0
27,38,0
27,39,0
27,40,0
27,41,0
27,42,0
27,43,70368744177664
27,44,0
27,45,35184372088832
27,46,0
27,47,0
27,48,0
27,49,0
27,50,0
27,51,70643622084608
27,52,0
27,53,0
27,54,35253091565568
27,55,0
27,56,0
27,57,0
27,58,0
27,59,70644695826432
27,60,0
27,61,0
27,62,0
27,63,35253225783296
27,64,0
27,65,0
27,66,0
27,67,70644700020736
27,68,0
27,69,0
27,70,0
27,71,0
27,72,35253226045440
27,73,0
27,74,0
27,75,70644700037120
27,76,0
27,77,0
27,78,0
27,79,0
27,80,0
27,81,35253226045952
28,1,2365794927453249994752
28,2,0
28,3,0
28,4,592601653367919345664
28,5,0
28,6,0
28,7,0
28,8,0
28,9,0
28,10,4611686018427387904
28,11,0
28,12,2305843009213693952
28,13,0
28,14,0
28,15,0
28,16,0
28,17,0
28,18,0
28,19,0
28,20,0
28,21,0
28,22,0
28,23,0
28,24,0
28,25,0
28,26,0
28,27,0
28,28,0
28,29,0
28,30,4503599627370496
28,31,6755399441055744
28,32,7881299347898368
28,33,8444249301319680
28,34,8725724278030336
28,35,8866461766385664
28,36,8936830510563328
28,37,0
28,38,0
28,39,0
28,40,0
28,41,0
28,42,0
28,43,0
28,44,0
28,45,0
28,46,17592186044416
28,47,0
28,48,8796093022208
28,49,0
28,50,0
28,51,0
28,52,0
28,53,0
28,54,0
28,55,17626545782784
28,56,0
28,57,0
28,58,8804682956800
28,59,0
28,60,0
28,61,0
28,62,0
28,63,0
28,64,17626612891648
28,65,0
28,66,0
28,67,0
28,68,8804691345408
28,69,0
28,70,0
28,71,0
28,72,0
28,73,17626613022720
28,74,0
28,75,0
28,76,0
28,77,0
28,78,8804691353600
28,79,0
28,80,0
28,81,0
29,1,0
29,2,1182897463726624997376
29,3,0
29,4,0
29,5,296300826683959672832
29,6,0
29,7,0
29,8,0
29,9,0
29,10,0
29,11,2305843009213693952
29,12,0
29,13,1152921504606846976
29,14,0
29,15,0
29,16,0
29,17,0
29,18,0
29,19,0
29,20,0
29,21,0
29,22,0
29,23,0
29,24,0
29,25,0
29,26,0
29,27,0
29,28,0
29,29,0
29,30,0
29,31,2251799813685248
29,32,3377699720527872
29,33,3940649673949184
29,34,4222124650659840
29,35,4362862139015168
29,36,4433230883192832
29,37,0
29,38,0
29,39,0
29,40,0
29,41,0
29,42,0
29,43,0
29,44,0
29,45,0
29,46,0
29,47,8796093022208
29,48,0
29,49,4398046511104
29,50,0
29,51,0
29,52,0
29,53,0
29,54,0
29,55,0
29,56,8813272891392
29,57,0
29,58,0
29,59,4402341478400
29,60,0
29,61,0
29,62,0
29,63,0
29,64,0
29,65,8813306445824
29,66,0
29,67,0
29,68,0
29,69,4402345672704
29,70,0
29,71,0
29,72,0
29,73,0
29,74,8813306511360
29,75,0
29,76,0
29,77,0
29,78,0
29,79,4402345676800
29,80,0
29,81,0
30,1,0
30,2,0
30,3,591448731863312498688
30,4,0
30,5,0
30,6,148150413341979836416
30,7,0
30,8,0
30,9,0
30,10,2305843009213693952
30,11,0
30,12,1152921504606846976
30,13,0
30,14,576460752303423488
30,15,0
30,16,0
30,17,0
30,18,0
30,19,0
30,20,0
30,21,0
30,22,0
30,23,0
30,24,0
30,25,0
30,26,0
30,27,0
30,28,4503599627370496
30,29,0
30,30,0
30,31,0
30,32,1125899906842624
30,33,1688849860263936
30,34,1970324836974592
30,35,2111062325329920
30,36,2181431069507584
30,37,0
30,38,0
30,39,0
30,40,0
30,41,0
30,42,0
30,43,0
30,44,0
30,45,0
30,46,8796093022208
30,47,0
30,48,4398046511104
30,49,0
30,50,2199023255552
30,51,0
30,52,0
30,53,0
30,54,0
30,55,0
30,56,0
30,57,4406636445696
30,58,0
30,59,0
30,60,2201170739200
30,61,0
30,62,0
30,63,0
30,64,0
30,65,0
30,66,4406653222912
30,67,0
30,68,0
30,69,0
30,70,2201172836352
30,71,0
30,72,0
30,73,0
30,74,0
30,75,4406653255680
30,76,0
30,77,0
30,78,0
30,79,0
30,80,2201172838400
30,81,0
31,1,1181744542222018150400
31,2,0
31,3,0
31,4,295724365931656249344
31,5,0
31,6,0
31,7,74075206670989918208
31,8,0
31,9,0
31,10,0
31,11,1152921504606846976
31,12,0
31,13,576460752303423488
31,14,0
31,15,288230376151711744
31,16,0
31,17,0
31,18,0
31,19,0
31,20,0
31,21,0
31,22,0
31,23,0
31,24,0
31,25,0
31,26,0
31,27,0
31,28,6755399441055744
31,29,2251799813685248
31,30,0
31,31,0
31,32,0
31,33,562949953421312
31,34,844424930131968
31,35,985162418487296
31,36,1055531162664960
31,37,0
31,38,0
31,39,0
31,40,0
31,41,0
31,42,0
31,43,0
31,44,0
31,45,0
31,46,0
31,47,4398046511104
31,48,0
31,49,2199023255552
31,50,0
31,51,1099511627776
31,52,0
31,53,0
31,54,0
31,55,4415226380288
31,56,0
31,57,0
31,58,2203318222848
31,59,0
31,60,0
31,61,1100585369600
31,62,0
31,63,0
31,64,0
31,65,0
31,66,0
31,67,2203326611456
31,68,0
31,69,0
31,70,0
31,71,1100586418176
31,72,0
31,73,0
31,74,0
31,75,0
31,76,2203326627840
31,77,0
31,78,0
31,79,0
31,80,0
31,81,1100586419200
32,1,0
32,2,590872271111009075200
32,3,0
32,4,0
32,5,147862182965828124672
32,6,0
32,7,0
32,8,37037603335494959104
32,9,0
32,10,0
32,11,0
32,12,576460752303423488
32,13,0
32,14,288230376151711744
32,15,0
32,16,144115188075855872
32,17,0
32,18,0
32,19,0
32,20,0
32,21,0
32,22,0
32,23,0
32,24,0
32,25,0
32,26,0
32,27,0
32,28,7881299347898368
32,29,3377699720527872
32,30,1125899906842624
32,31,0
32,32,0
32,33,0
32,34,281474976710656
32,35,422212465065984
32,36,492581209243648
32,37,0
32,38,0
32,39,0
32,40,0
32,41,0
32,42,0
32,43,0
32,44,0
32,45,0
32,46,0
32,47,0
32,48,2199023255552
32,49,0
32,50,1099511627776
32,51,0
32,52,549755813888
32,53,0
32,54,0
32,55,0
32,56,2207613190144
32,57,0
32,58,0
32,59,1101659111424
32,60,0
32,61,0
32,62,550292684800
32,63,0
32,64,2207646744576
32,65,0
32,66,0
32,67,0
32,68,1101663305728
32,69,0
32,70,0
32,71,0
32,72,550293209088
32,73,0
32,74,0
32,75,0
32,76,0
32,77,1101663313920
32,78,0
32,79,0
32,80,0
32,81,0
33,1,0
33,2,0
33,3,295436135555504537600
33,4,0
33,5,0
33,6,73931091482914062336
33,7,0
33,8,0
33,9,18518801667747479552
33,10,0
33,11,0
33,12,0
33,13,288230376151711744
33,14,0
33,15,144115188075855872
33,16,0
33,17,72057594037927936
33,18,0
33,19,0
33,20,0
33,21,0
33,22,0
33,23,0
33,24,0
33,25,0
33,26,0
33,27,0
33,28,8444249301319680
33,29,3940649673949184
33,30,1688849860263936
33,31,562949953421312
33,32,0
33,33,0
33,34,0
33,35,140737488355328
33,36,211106232532992
33,37,0
33,38,0
33,39,0
33,40,0
33,41,0
33,42,0
33,43,0
33,44,0
33,45,0
33,46,0
33,47,0
33,48,0
33,49,1099511627776
33,50,0
33,51,549755813888
33,52,0
33,53,274877906944
33,54,0
33,55,0
33,56,0
33,57,1103806595072
33,58,0
33,59,0
33,60,550829555712
33,61,0
33,62,0
33,63,275146342400
33,64,0
33,65,1103823372288
33,66,0
33,67,0
33,68,0
33,69,550831652864
33,70,0
33,71,0
33,72,0
33,73,1103823437824
33,74,0
33,75,0
33,76,0
33,77,0
33,78,550831656960
33,79,0
33,80,0
33,81,0
34,1,0
34,2,0
34,3,0
34,4,147718067777752268800
34,5,0
34,6,0
34,7,36965545741457031168
34,8,0
34,9,0
34,10,0
34,11,0
34,12,0
34,13,0
34,14,144115188075855872
34,15,0
34,16,72057594037927936
34,17,0
34,18,36028797018963968
34,19,0
34,20,0
34,21,0
34,22,0
34,23,0
34,24,0
34,25,0
34,26,0
34,27,0
34,28,8725724278030336
34,29,4222124650659840
34,30,1970324836974592
34,31,844424930131968
34,32,281474976710656
34,33,0
34,34,0
34,35,0
34,36,70368744177664
34,37,0
34,38,0
34,39,0
34,40,0
34,41,0
34,42,0
34,43,0
34,44,0
34,45,0
34,46,0
34,47,0
34,48,0
34,49,0
34,50,549755813888
34,51,0
34,52,274877906944
34,53,0
34,54,137438953472
34,55,0
34,56,0
34,57,0
34,58,551903297536
34,59,0
34,60,0
34,61,275414777856
34,62,0
34,63,0
34,64,0
34,65,0
34,66,551911686144
34,67,0
34,68,0
34,69,0
34,70,275415826432
34,71,0
34,72,0
34,73,0
34,74,551911718912
34,75,0
34,76,0
34,77,0
34,78,0
34,79,275415828480
34,80,0
34,81,0
35,1,0
35,2,0
35,3,0
35,4,0
35,5,73859033888876134400
35,6,0
35,7,0
35,8,18482772870728515584
35,9,0
35,10,0
35,11,0
35,12,0
35,13,0
35,14,0
35,15,72057594037927936
35,16,0
35,17,36028797018963968
35,18,0
35,19,0
35,20,0
35,21,0
35,22,0
35,23,0
35,24,0
35,25,0
35,26,0
35,27,0
35,28,8866461766385664
35,29,4362862139015168
35,30,2111062325329920
35,31,985162418487296
35,32,422212465065984
35,33,140737488355328
35,34,0
35,35,0
35,36,0
35,37,0
35,38,0
35,39,0
35,40,0
35,41,0
35,42,0
35,43,0
35,44,0
35,45,0
35,46,0
35,47,0
35,48,0
35,49,0
35,50,0
35,51,274877906944
35,52,0
35,53,137438953472
35,54,0
35,55,0
35,56,0
35,57,0
35,58,0
35,59,275951648768
35,60,0
35,61,0
35,62,137707388928
35,63,0
35,64,0
35,65,0
35,66,0
35,67,275955843072
35,68,0
35,69,0
35,70,0
35,71,137707913216
35,72,0
35,73,0
35,74,0
35,75,275955859456
35,76,0
35,77,0
35,78,0
35,79,0
35,80,137707914240
35,81,0
36,1,0
36,2,0
36,3,0
36,4,0
36,5,0
36,6,36929516944438067200
36,7,0
36,8,0
36,9,9241386435364257792
36,10,0
36,11,0
36,12,0
36,13,0
36,14,0
36,15,0
36,16,36028797018963968
36,17,0
36,18,18014398509481984
36,19,0
36,20,0
36,21,0
36,22,0
36,23,0
36,24,0
36,25,0
36,26,0
36,27,0
36,28,8936830510563328
36,29,4433230883192832
36,30,2181431069507584
36,31,1055531162664960
36,32,492581209243648
36,33,211106232532992
36,34,70368744177664
36,35,0
36,36,0
36,37,0
36,38,0
36,39,0
36,40,0
36,41,0
36,42,0
36,43,0
36,44,0
36,45,0
36,46,0
36,47,0
36,48,0
36,49,0
36,50,0
36,51,0
36,52,137438953472
36,53,0
36,54,68719476736
36,55,0
36,56,0
36,57,0
36,58,0
36,59,0
36,60,137975824384
36,61,0
36,62,0
36,63,68853694464
36,64,0
36,65,0
36,66,0
36,67,0
36,68,137977921536
36,69,0
36,70,0
36,71,0
36,72,68853956608
36,73,0
36,74,0
36,75,0
36,76,137977929728
36,77,0
36,78,0
36,79,0
36,80,0
36,81,68853957120
37,1,2365803934652504735744
37,2,0
37,3,0
37,4,0
37,5,296305330283587043328
37,6,0
37,7,0
37,8,0
37,9,0
37,10,4620693217682128896
37,11,0
37,12,0
37,13,1157425104234217472
37,14,0
37,15,0
37,16,0
37,17,0
37,18,0
37,19,9007199254740992
37,20,0
37,21,4503599627370496
37,22,0
37,23,0
37,24,0
37,25,0
37,26,0
37,27,0
37,28,0
37,29,0
37,30,0
37,31,0
37,32,0
37,33,0
37,34,0
37,35,0
37,36,0
37,37,0
37,38,0
37,39,8796093022208
37,40,13194139533312
37,41,15393162788864
37,42,16492674416640
37,43,17042430230528
37,44,17317308137472
37,45,17454747090944
37,46,0
37,47,0
37,48,0
37,49,0
37,50,0
37,51,0
37,52,0
37,53,0
37,54,0
37,55,34359738368
37,56,0
37,57,17179869184
37,58,0
37,59,0
37,60,0
37,61,0
37,62,0
37,63,0
37,64,34426847232
37,65,0
37,66,0
37,67,17196646400
37,68,0
37,69,0
37,70,0
37,71,0
37,72,0
37,73,34426978304
37,74,0
37,75,0
37,76,0
37,77,17196662784
37,78,0
37,79,0
37,80,0
37,81,0
38,1,0
38,2,1182901967326252367872
38,3,0
38,4,0
38,5,0
38,6,148152665141793521664
38,7,0
38,8,0
38,9,0
38,10,0
38,11,2310346608841064448
38,12,0
38,13,0
38,14,578712552117108736
38,15,0
38,16,0
38,17,0
38,18,0
38,19,0
38,20,4503599627370496
38,21,0
38,22,2251799813685248
38,23,0
38,24,0
38,25,0
38,26,0
38,27,0
38,28,0
38,29,0
38,30,0
38,31,0
38,32,0
38,33,0
38,34,0
38,35,0
38,36,0
38,37,0
38,38,0
38,39,0
38,40,4398046511104
38,41,6597069766656
38,42,7696581394432
38,43,8246337208320
38,44,8521215115264
38,45,8658654068736
38,46,0
38,47,0
38,48,0
38,49,0
38,50,0
38,51,0
38,52,0
38,53,0
38,54,0
38,55,0
38,56,17179869184
38,57,0
38,58,8589934592
38,59,0
38,60,0
38,61,0
38,62,0
38,63,0
38,64,0
38,65,17213423616
38,66,0
38,67,0
38,68,8598323200
38,69,0
38,70,0
38,71,0
38,72,0
38,73,0
38,74,17213489152
38,75,0
38,76,0
38,77,0
38,78,8598331392
38,79,0
38,80,0
38,81,0
39,1,0
39,2,0
39,3,591450983663126183936
39,4,0
39,5,0
39,6,0
39,7,74076332570896760832
39,8,0
39,9,0
39,10,0
39,11,0
39,12,1155173304420532224
39,13,0
39,14,0
39,15,289356276058554368
39,16,0
39,17,0
39,18,0
39,19,4503599627370496
39,20,0
39,21,2251799813685248
39,22,0
39,23,1125899906842624
39,24,0
39,25,0
39,26,0
39,27,0
39,28,0
39,29,0
39,30,0
39,31,0
39,32,0
39,33,0
39,34,0
39,35,0
39,36,0
39,37,8796093022208
39,38,0
39,39,0
39,40,0
39,41,2199023255552
39,42,3298534883328
39,43,3848290697216
39,44,4123168604160
39,45,4260607557632
39,46,0
39,47,0
39,48,0
39,49,0
39,50,0
39,51,0
39,52,0
39,53,0
39,54,0
39,55,17179869184
39,56,0
39,57,8589934592
39,58,0
39,59,4294967296
39,60,0
39,61,0
39,62,0
39,63,0
39,64,0
39,65,0
39,66,8606711808
39,67,0
39,68,0
39,69,4299161600
39,70,0
39,71,0
39,72,0
39,73,0
39,74,0
39,75,8606744576
39,76,0
39,77,0
39,78,0
39,79,4299165696
39,80,0
39,81,0
40,1,0
40,2,0
40,3,0
40,4,295725491831563091968
40,5,0
40,6,0
40,7,0
40,8,37038166285448380416
40,9,0
40,10,2308094809027379200
40,11,0
40,12,0
40,13,577586652210266112
40,14,0
40,15,0
40,16,144678138029277184
40,17,0
40,18,0
40,19,0
40,20,2251799813685248
40,21,0
40,22,1125899906842624
40,23,0
40,24,562949953421312
40,25,0
40,26,0
40,27,0
40,28,0
40,29,0
40,30,0
40,31,0
40,32,0
40,33,0
40,34,0
40,35,0
40,36,0
40,37,13194139533312
40,38,4398046511104
40,39,0
40,40,0
40,41,0
40,42,1099511627776
40,43,1649267441664
40,44,1924145348608
40,45,2061584302080
40,46,0
40,47,0
40,48,0
40,49,0
40,50,0
40,51,0
40,52,0
40,53,0
40,54,0
40,55,0
40,56,8589934592
40,57,0
40,58,4294967296
40,59,0
40,60,2147483648
40,61,0
40,62,0
40,63,0
40,64,8623489024
40,65,0
40,66,0
40,67,4303355904
40,68,0
40,69,0
40,70,2149580800
40,71,0
40,72,0
40,73,0
40,74,0
40,75,0
40,76,4303372288
40,77,0
40,78,0
40,79,0
40,80,2149582848
40,81,0
41,1,1181745668121924993024
41,2,0
41,3,0
41,4,0
41,5,147862745915781545984
41,6,0
41,7,0
41,8,0
41,9,18519083142724190208
41,10,0
41,11,1154047404513689600
41,12,0
41,13,0
41,14,288793326105133056
41,15,0
41,16,0
41,17,72339069014638592
41,18,0
41,19,0
41,20,0
41,21,1125899906842624
41,22,0
41,23,562949953421312
41,24,0
41,25,281474976710656
41,26,0
41,27,0
41,28,0
41,29,0
41,30,0
41,31,0
41,32,0
41,33,0
41,34,0
41,35,0
41,36,0
41,37,15393162788864
41,38,6597069766656
41,39,2199023255552
41,40,0
41,41,0
41,42,0
41,43,549755813888
41,44,824633720832
41,45,962072674304
41,46,0
41,47,0
41,48,0
41,49,0
41,50,0
41,51,0
41,52,0
41,53,0
41,54,0
41,55,0
41,56,0
41,57,4294967296
41,58,0
41,59,2147483648
41,60,0
41,61,1073741824
41,62,0
41,63,0
41,64,0
41,65,4311744512
41,66,0
41,67,0
41,68,2151677952
41,69,0
41,70,0
41,71,1074790400
41,72,0
41,73,4311810048
41,74,0
41,75,0
41,76,0
41,77,2151686144
41,78,0
41,79,0
41,80,0
41,81,1074791424
42,1,0
42,2,590872834060962496512
42,3,0
42,4,0
42,5,0
42,6,73931372957890772992
42,7,0
42,8,0
42,9,0
42,10,0
42,11,0
42,12,577023702256844800
42,13,0
42,14,0
42,15,144396663052566528
42,16,0
42,17,0
42,18,36169534507319296
42,19,0
42,20,0
42,21,0
42,22,562949953421312
42,23,0
42,24,281474976710656
42,25,0
42,26,140737488355328
42,27,0
42,28,0
42,29,0
42,30,0
42,31,0
42,32,0
42,33,0
42,34,0
42,35,0
42,36,0
42,37,16492674416640
42,38,7696581394432
42,39,3298534883328
42,40,1099511627776
42,41,0
42,42,0
42,43,0
42,44,274877906944
42,45,412316860416
42,46,0
42,47,0
42,48,0
42,49,0
42,50,0
42,51,0
42,52,0
42,53,0
42,54,0
42,55,0
42,56,0
42,57,0
42,58,2147483648
42,59,0
42,60,1073741824
42,61,0
42,62,536870912
42,63,0
42,64,0
42,65,0
42,66,2155872256
42,67,0
42,68,0
42,69,1075838976
42,70,0
42,71,0
42,72,537395200
42,73,0
42,74,2155905024
42,75,0
42,76,0
42,77,0
42,78,1075843072
42,79,0
42,80,0
42,81,0
43,1,0
43,2,0
43,3,295436417030481248256
43,4,0
43,5,0
43,6,0
43,7,36965686478945386496
43,8,0
43,9,0
43,10,0
43,11,0
43,12,0
43,13,288511851128422400
43,14,0
43,15,0
43,16,72198331526283264
43,17,0
43,18,0
43,19,0
43,20,0
43,21,0
43,22,0
43,23,281474976710656
43,24,0
43,25,140737488355328
43,26,0
43,27,70368744177664
43,28,0
43,29,0
43,30,0
43,31,0
43,32,0
43,33,0
43,34,0
43,35,0
43,36,0
43,37,17042430230528
43,38,8246337208320
43,39,3848290697216
43,40,1649267441664
43,41,549755813888
43,42,0
43,43,0
43,44,0
43,45,137438953472
43,46,0
43,47,0
43,48,0
43,49,0
43,50,0
43,51,0
43,52,0
43,53,0
43,54,0
43,55,0
43,56,0
43,57,0
43,58,0
43,59,1073741824
43,60,0
43,61,536870912
43,62,0
43,63,268435456
43,64,0
43,65,0
43,66,0
43,67,1077936128
43,68,0
43,69,0
43,70,537919488
43,71,0
43,72,0
43,73,0
43,74,0
43,75,1077952512
43,76,0
43,77,0
43,78,0
43,79,537921536
43,80,0
43,81,0
44,1,0
44,2,0
44,3,0
44,4,147718208515240624128
44,5,0
44,6,0
44,7,0
44,8,18482843239472693248
44,9,0
44,10,0
44,11,0
44,12,0
44,13,0
44,14,144255925564211200
44,15,0
44,16,0
44,17,36099165763141632
44,18,0
44,19,0
44,20,0
44,21,0
44,22,0
44,23,0
44,24,140737488355328
44,25,0
44,26,70368744177664
44,27,0
44,28,0
44,29,0
44,30,0
44,31,0
44,32,0
44,33,0
44,34,0
44,35,0
44,36,0
44,37,17317308137472
44,38,8521215115264
44,39,4123168604160
44,40,1924145348608
44,41,824633720832
44,42,274877906944
44,43,0
44,44,0
44,45,0
44,46,0
44,47,0
44,48,0
44,49,0
44,50,0
44,51,0
44,52,0
44,53,0
44,54,0
44,55,0
44,56,0
44,57,0
44,58,0
44,59,0
44,60,536870912
44,61,0
44,62,268435456
44,63,0
44,64,0
44,65,0
44,66,0
44,67,0
44,68,538968064
44,69,0
44,70,0
44,71,268959744
44,72,0
44,73,0
44,74,0
44,75,0
44,76,538976256
44,77,0
44,78,0
44,79,0
44,80,268960768
44,81,0
45,1,0
45,2,0
45,3,0
45,4,0
45,5,73859104257620312064
45,6,0
45,7,0
45,8,0
45,9,9241421619736346624
45,10,0
45,11,0
45,12,0
45,13,0
45,14,0
45,15,72127962782105600
45,16,0
45,17,0
45,18,18049582881570816
45,19,0
45,20,0
45,21,0
45,22,0
45,23,0
45,24,0
45,25,70368744177664
45,26,0
45,27,35184372088832
45,28,0
45,29,0
45,30,0
45,31,0
45,32,0
45,33,0
45,34,0
45,35,0
45,36,0
45,37,17454747090944
45,38,8658654068736
45,39,4260607557632
45,40,2061584302080
45,41,962072674304
45,42,412316860416
45,43,137438953472
45,44,0
45,45,0
45,46,0
45,47,0
45,48,0
45,49,0
45,50,0
45,51,0
45,52,0
45,53,0
45,54,0
45,55,0
45,56,0
45,57,0
45,58,0
45,59,0
45,60,0
45,61,268435456
45,62,0
45,63,134217728
45,64,0
45,65,0
45,66,0
45,67,0
45,68,0
45,69,269484032
45,70,0
45,71,0
45,72,134479872
45,73,0
45,74,0
45,75,0
45,76,0
45,77,269488128
45,78,0
45,79,0
45,80,0
45,81,134480384
46,1,2365803952244690780160
46,2,0
46,3,0
46,4,0
46,5,0
46,6,148152673937886543872
46,7,0
46,8,0
46,9,0
46,10,4620710809868173312
46,11,0
46,12,0
46,13,0
46,14,578721348210130944
46,15,0
46,16,0
46,17,0
46,18,0
46,19,9024791440785408
46,20,0
46,21,0
46,22,2260595906707456
46,23,0
46,24,0
46,25,0
46,26,0
46,27,0
46,28,17592186044416
46,29,0
46,30,8796093022208
46,31,0
46,32,0
46,33,0
46,34,0
46,35,0
46,36,0
46,37,0
46,38,0
46,39,0
46,40,0
46,41,0
46,42,0
46,43,0
46,44,0
46,45,0
46,46,0
46,47,0
46,48,17179869184
46,49,25769803776
46,50,30064771072
46,51,32212254720
46,52,33285996544
46,53,33822867456
46,54,34091302912
46,55,0
46,56,0
46,57,0
46,58,0
46,59,0
46,60,0
46,61,0
46,62,0
46,63,0
46,64,67108864
46,65,0
46,66,33554432
46,67,0
46,68,0
46,69,0
46,70,0
46,71,0
46,72,0
46,73,67239936
46,74,0
46,75,0
46,76,33587200
46,77,0
46,78,0
46,79,0
46,80,0
46,81,0
47,1,0
47,2,1182901976122345390080
47,3,0
47,4,0
47,5,0
47,6,0
47,7,74076336968943271936
47,8,0
47,9,0
47,10,0
47,11,2310355404934086656
47,12,0
47,13,0
47,14,0
47,15,289360674105065472
47,16,0
47,17,0
47,18,0
47,19,0
47,20,4512395720392704
47,21,0
47,22,0
47,23,1130297953353728
47,24,0
47,25,0
47,26,0
47,27,0
47,28,0
47,29,8796093022208
47,30,0
47,31,4398046511104
47,32,0
47,33,0
47,34,0
47,35,0
47,36,0
47,37,0
47,38,0
47,39,0
47,40,0
47,41,0
47,42,0
47,43,0
47,44,0
47,45,0
47,46,0
47,47,0
47,48,0
47,49,8589934592
47,50,12884901888
47,51,15032385536
47,52,16106127360
47,53,16642998272
47,54,16911433728
47,55,0
47,56,0
47,57,0
47,58,0
47,59,0
47,60,0
47,61,0
47,62,0
47,63,0
47,64,0
47,65,33554432
47,66,0
47,67,16777216
47,68,0
47,69,0
47,70,0
47,71,0
47,72,0
47,73,0
47,74,33619968
47,75,0
47,76,0
47,77,16793600
47,78,0
47,79,0
47,80,0
47,81,0
48,1,0
48,2,0
48,3,591450988061172695040
48,4,0
48,5,0
48,6,0
48,7,0
48,8,37038168484471635968
48,9,0
48,10,0
48,11,0
48,12,1155177702467043328
48,13,0
48,14,0
48,15,0
48,16,144680337052532736
48,17,0
48,18,0
48,19,0
48,20,0
48,21,2256197860196352
48,22,0
48,23,0
48,24,565148976676864
48,25,0
48,26,0
48,27,0
48,28,8796093022208
48,29,0
48,30,4398046511104
48,31,0
48,32,2199023255552
48,33,0
48,34,0
48,35,0
48,36,0
48,37,0
48,38,0
48,39,0
48,40,0
48,41,0
48,42,0
48,43,0
48,44,0
48,45,0
48,46,17179869184
48,47,0
48,48,0
48,49,0
48,50,4294967296
48,51,6442450944
48,52,7516192768
48,53,8053063680
48,54,8321499136
48,55,0
48,56,0
48,57,0
48,58,0
48,59,0
48,60,0
48,61,0
48,62,0
48,63,0
48,64,33554432
48,65,0
48,66,16777216
48,67,0
48,68,8388608
48,69,0
48,70,0
48,71,0
48,72,0
48,73,0
48,74,0
48,75,16809984
48,76,0
48,77,0
48,78,8396800
48,79,0
48,80,0
48,81,0
49,1,0
49,2,0
49,3,0
49,4,295725494030586347520
49,5,0
49,6,0
49,7,0
49,8,0
49,9,18519084242235817984
49,10,0
49,11,0
49,12,0
49,13,577588851233521664
49,14,0
49,15,0
49,16,0
49,17,72340168526266368
49,18,0
49,19,4507997673881600
49,20,0
49,21,0
49,22,1128098930098176
49,23,0
49,24,0
49,25,282574488338432
49,26,0
49,27,0
49,28,0
49,29,4398046511104
49,30,0
49,31,2199023255552
49,32,0
49,33,1099511627776
49,34,0
49,35,0
49,36,0
49,37,0
49,38,0
49,39,0
49,40,0
49,41,0
49,42,0
49,43,0
49,44,0
49,45,0
49,46,25769803776
49,47,8589934592
49,48,0
49,49,0
49,50,0
49,51,2147483648
49,52,3221225472
49,53,3758096384
49,54,4026531840
49,55,0
49,56,0
49,57,0
49,58,0
49,59,0
49,60,0
49,61,0
49,62,0
49,63,0
49,64,0
49,65,16777216
49,66,0
49,67,8388608
49,68,0
49,69,4194304
49,70,0
49,71,0
49,72,0
49,73,16842752
49,74,0
49,75,0
49,76,8404992
49,77,0
49,78,0
49,79,4198400
49,80,0
49,81,0
50,1,0
50,2,0
50,3,0
50,4,0
50,5,147862747015293173760
50,6,0
50,7,0
50,8,0
50,9,0
50,10,2308097008050634752
50,11,0
50,12,0
50,13,0
50,14,288794425616760832
50,15,0
50,16,0
50,17,0
50,18,36170084263133184
50,19,0
50,20,2253998836940800
50,21,0
50,22,0
50,23,564049465049088
50,24,0
50,25,0
50,26,141287244169216
50,27,0
50,28,0
50,29,0
50,30,2199023255552
50,31,0
50,32,1099511627776
50,33,0
50,34,549755813888
50,35,0
50,36,0
50,37,0
50,38,0
50,39,0
50,40,0
50,41,0
50,42,0
50,43,0
50,44,0
50,45,0
50,46,30064771072
50,47,12884901888
50,48,4294967296
50,49,0
50,50,0
50,51,0
50,52,1073741824
50,53,1610612736
50,54,1879048192
50,55,0
50,56,0
50,57,0
50,58,0
50,59,0
50,60,0
50,61,0
50,62,0
50,63,0
50,64,0
50,65,0
50,66,8388608
50,67,0
50,68,4194304
50,69,0
50,70,2097152
50,71,0
50,72,0
50,73,0
50,74,8421376
50,75,0
50,76,0
50,77,4202496
50,78,0
50,79,0
50,80,2099200
50,81,0
51,1,1181745669221436620800
51,2,0
51,3,0
51,4,0
51,5,0
51,6,73931373507646586880
51,7,0
51,8,0
51,9,0
51,10,0
51,11,1154048504025317376
51,12,0
51,13,0
51,14,0
51,15,144397212808380416
51,16,0
51,17,0
51,18,0
51,19,0
51,20,0
51,21,1126999418470400
51,22,0
51,23,0
51,24,282024732524544
51,25,0
51,26,0
51,27,70643622084608
51,28,0
51,29,0
51,30,0
51,31,1099511627776
51,32,0
51,33,549755813888
51,34,0
51,35,274877906944
51,36,0
51,37,0
51,38,0
51,39,0
51,40,0
51,41,0
51,42,0
51,43,0
51,44,0
51,45,0
51,46,32212254720
51,47,15032385536
51,48,6442450944
51,49,2147483648
51,50,0
51,51,0
51,52,0
51,53,536870912
51,54,805306368
51,55,0
51,56,0
51,57,0
51,58,0
51,59,0
51,60,0
51,61,0
51,62,0
51,63,0
51,64,0
51,65,0
51,66,0
51,67,4194304
51,68,0
51,69,2097152
51,70,0
51,71,1048576
51,72,0
51,73,0
51,74,0
51,75,4210688
51,76,0
51,77,0
51,78,2101248
51,79,0
51,80,0
51,81,1049600
52,1,0
52,2,590872834610718310400
52,3,0
52,4,0
52,5,0
52,6,0
52,7,36965686753823293440
52,8,0
52,9,0
52,10,0
52,11,0
52,12,577024252012658688
52,13,0
52,14,0
52,15,0
52,16,72198606404190208
52,17,0
52,18,0
52,19,0
52,20,0
52,21,0
52,22,563499709235200
52,23,0
52,24,0
52,25,141012366262272
52,26,0
52,27,0
52,28,0
52,29,0
52,30,0
52,31,0
52,32,549755813888
52,33,0
52,34,274877906944
52,35,0
52,36,137438953472
52,37,0
52,38,0
52,39,0
52,40,0
52,41,0
52,42,0
52,43,0
52,44,0
52,45,0
52,46,33285996544
52,47,16106127360
52,48,7516192768
52,49,3221225472
52,50,1073741824
52,51,0
52,52,0
52,53,0
52,54,268435456
52,55,0
52,56,0
52,57,0
52,58,0
52,59,0
52,60,0
52,61,0
52,62,0
52,63,0
52,64,0
52,65,0
52,66,0
52,67,0
52,68,2097152
52,69,0
52,70,1048576
52,71,0
52,72,524288
52,73,0
52,74,0
52,75,0
52,76,2105344
52,77,0
52,78,0
52,79,1050624
52,80,0
52,81,0
53,1,0
53,2,0
53,3,295436417305359155200
53,4,0
53,5,0
53,6,0
53,7,0
53,8,18482843376911646720
53,9,0
53,10,0
53,11,0
53,12,0
53,13,288512126006329344
53,14,0
53,15,0
53,16,0
53,17,36099303202095104
53,18,0
53,19,0
53,20,0
53,21,0
53,22,0
53,23,281749854617600
53,24,0
53,25,0
53,26,70506183131136
53,27,0
53,28,0
53,29,0
53,30,0
53,31,0
53,32,0
53,33,274877906944
53,34,0
53,35,137438953472
53,36,0
53,37,0
53,38,0
53,39,0
53,40,0
53,41,0
53,42,0
53,43,0
53,44,0
53,45,0
53,46,33822867456
53,47,16642998272
53,48,8053063680
53,49,3758096384
53,50,1610612736
53,51,536870912
53,52,0
53,53,0
53,54,0
53,55,0
53,56,0
53,57,0
53,58,0
53,59,0
53,60,0
53,61,0
53,62,0
53,63,0
53,64,0
53,65,0
53,66,0
53,67,0
53,68,0
53,69,1048576
53,70,0
53,71,524288
53,72,0
53,73,0
53,74,0
53,75,0
53,76,0
53,77,1052672
53,78,0
53,79,0
53,80,525312
53,81,0
54,1,0
54,2,0
54,3,0
54,4,147718208652679577600
54,5,0
54,6,0
54,7,0
54,8,0
54,9,9241421688455823360
54,10,0
54,11,0
54,12,0
54,13,0
54,14,144256063003164672
54,15,0
54,16,0
54,17,0
54,18,18049651601047552
54,19,0
54,20,0
54,21,0
54,22,0
54,23,0
54,24,140874927308800
54,25,0
54,26,0
54,27,35253091565568
54,28,0
54,29,0
54,30,0
54,31,0
54,32,0
54,33,0
54,34,137438953472
54,35,0
54,36,68719476736
54,37,0
54,38,0
54,39,0
54,40,0
54,41,0
54,42,0
54,43,0
54,44,0
54,45,0
54,46,34091302912
54,47,16911433728
54,48,8321499136
54,49,4026531840
54,50,1879048192
54,51,805306368
54,52,268435456
54,53,0
54,54,0
54,55,0
54,56,0
54,57,0
54,58,0
54,59,0
54,60,0
54,61,0
54,62,0
54,63,0
54,64,0
54,65,0
54,66,0
54,67,0
54,68,0
54,69,0
54,70,524288
54,71,0
54,72,262144
54,73,0
54,74,0
54,75,0
54,76,0
54,77,0
54,78,526336
54,79,0
54,80,0
54,81,262656
55,1,2365803952279050518528
55,2,0
55,3,0
55,4,0
55,5,0
55,6,0
55,7,74076336986123141120
55,8,0
55,9,0
55,10,4620710844227911680
55,11,0
55,12,0
55,13,0
55,14,0
55,15,289360691284934656
55,16,0
55,17,0
55,18,0
55,19,9024825800523776
55,20,0
55,21,0
55,22,0
55,23,1130315133222912
55,24,0
55,25,0
55,26,0
55,27,0
55,28,17626545782784
55,29,0
55,30,0
55,31,4415226380288
55,32,0
55,33,0
55,34,0
55,35,0
55,36,0
55,37,34359738368
55,38,0
55,39,17179869184
55,40,0
55,41,0
55,42,0
55,43,0
55,44,0
55,45,0
55,46,0
55,47,0
55,48,0
55,49,0
55,50,0
55,51,0
55,52,0
55,53,0
55,54,0
55,55,0
55,56,0
55,57,33554432
55,58,50331648
55,59,58720256
55,60,62914560
55,61,65011712
55,62,66060288
55,63,66584576
55,64,0
55,65,0
55,66,0
55,67,0
55,68,0
55,69,0
55,70,0
55,71,0
55,72,0
55,73,131072
55,74,0
55,75,65536
55,76,0
55,77,0
55,78,0
55,79,0
55,80,0
55,81,0
56,1,0
56,2,1182901976139525259264
56,3,0
56,4,0
56,5,0
56,6,0
56,7,0
56,8,37038168493061570560
56,9,0
56,10,0
56,11,2310355422113955840
56,12,0
56,13,0
56,14,0
56,15,0
56,16,144680345642467328
56,17,0
56,18,0
56,19,0
56,20,4512412900261888
56,21,0
56,22,0
56,23,0
56,24,565157566611456
56,25,0
56,26,0
56,27,0
56,28,0
56,29,8813272891392
56,30,0
56,31,0
56,32,2207613190144
56,33,0
56,34,0
56,35,0
56,36,0
56,37,0
56,38,17179869184
56,39,0
56,40,8589934592
56,41,0
56,42,0
56,43,0
56,44,0
56,45,0
56,46,0
56,47,0
56,48,0
56,49,0
56,50,0
56,51,0
56,52,0
56,53,0
56,54,0
56,55,0
56,56,0
56,57,0
56,58,16777216
56,59,25165824
56,60,29360128
56,61,31457280
56,62,32505856
56,63,33030144
56,64,0
56,65,0
56,66,0
56,67,0
56,68,0
56,69,0
56,70,0
56,71,0
56,72,0
56,73,0
56,74,65536
56,75,0
56,76,32768
56,77,0
56,78,0
56,79,0
56,80,0
56,81,0
57,1,0
57,2,0
57,3,591450988069762629632
57,4,0
57,5,0
57,6,0
57,7,0
57,8,0
57,9,18519084246530785280
57,10,0
57,11,0
57,12,1155177711056977920
57,13,0
57,14,0
57,15,0
57,16,0
57,17,72340172821233664
57,18,0
57,19,0
57,20,0
57,21,2256206450130944
57,22,0
57,23,0
57,24,0
57,25,282578783305728
57,26,0
57,27,0
57,28,0
57,29,0
57,30,4406636445696
57,31,0
57,32,0
57,33,1103806595072
57,34,0
57,35,0
57,36,0
57,37,17179869184
57,38,0
57,39,8589934592
57,40,0
57,41,4294967296
57,42,0
57,43,0
57,44,0
57,45,0
57,46,0
57,47,0
57,48,0
57,49,0
57,50,0
57,51,0
57,52,0
57,53,0
57,54,0
57,55,33554432
57,56,0
57,57,0
57,58,0
57,59,8388608
57,60,12582912
57,61,14680064
57,62,15728640
57,63,16252928
57,64,0
57,65,0
57,66,0
57,67,0
57,68,0
57,69,0
57,70,0
57,71,0
57,72,0
57,73,65536
57,74,0
57,75,32768
57,76,0
57,77,16384
57,78,0
57,79,0
57,80,0
57,81,0
58,1,0
58,2,0
58,3,0
58,4,295725494034881314816
58,5,0
58,6,0
58,7,0
58,8,0
58,9,0
58,10,0
58,11,0
58,12,0
58,13,577588855528488960
58,14,0
58,15,0
58,16,0
58,17,0
58,18,36170086410616832
58,19,0
58,20,0
58,21,0
58,22,1128103225065472
58,23,0
58,24,0
58,25,0
58,26,141289391652864
58,27,0
58,28,8804682956800
58,29,0
58,30,0
58,31,2203318222848
58,32,0
58,33,0
58,34,551903297536
58,35,0
58,36,0
58,37,0
58,38,8589934592
58,39,0
58,40,4294967296
58,41,0
58,42,2147483648
58,43,0
58,44,0
58,45,0
58,46,0
58,47,0
58,48,0
58,49,0
58,50,0
58,51,0
58,52,0
58,53,0
58,54,0
58,55,50331648
58,56,16777216
58,57,0
58,58,0
58,59,0
58,60,4194304
58,61,6291456
58,62,7340032
58,63,7864320
58,64,0
58,65,0
58,66,0
58,67,0
58,68,0
58,69,0
58,70,0
58,71,0
58,72,0
58,73,0
58,74,32768
58,75,0
58,76,16384
58,77,0
58,78,8192
58,79,0
58,80,0
58,81,0
59,1,0
59,2,0
59,3,0
59,4,0
59,5,147862747017440657408
59,6,0
59,7,0
59,8,0
59,9,0
59,10,0
59,11,0
59,12,0
59,13,0
59,14,288794427764244480
59,15,0
59,16,0
59,17,0
59,18,0
59,19,4508001968848896
59,20,0
59,21,0
59,22,0
59,23,564051612532736
59,24,0
59,25,0
59,26,0
59,27,70644695826432
59,28,0
59,29,4402341478400
59,30,0
59,31,0
59,32,1101659111424
59,33,0
59,34,0
59,35,275951648768
59,36,0
59,37,0
59,38,0
59,39,4294967296
59,40,0
59,41,2147483648
59,42,0
59,43,1073741824
59,44,0
59,45,0
59,46,0
59,47,0
59,48,0
59,49,0
59,50,0
59,51,0
59,52,0
59,53,0
59,54,0
59,55,58720256
59,56,25165824
59,57,8388608
59,58,0
59,59,0
59,60,0
59,61,2097152
59,62,3145728
59,63,3670016
59,64,0
59,65,0
59,66,0
59,67,0
59,68,0
59,69,0
59,70,0
59,71,0
59,72,0
59,73,0
59,74,0
59,75,16384
59,76,0
59,77,8192
59,78,0
59,79,4096
59,80,0
59,81,0
60,1,0
60,2,0
60,3,0
60,4,0
60,5,0
60,6,73931373508720328704
60,7,0
60,8,0
60,9,0
60,10,2308097010198118400
60,11,0
60,12,0
60,13,0
60,14,0
60,15,144397213882122240
60,16,0
60,17,0
60,18,0
60,19,0
60,20,2254000984424448
60,21,0
60,22,0
60,23,0
60,24,282025806266368
60,25,0
60,26,0
60,27,0
60,28,0
60,29,0
60,30,2201170739200
60,31,0
60,32,0
60,33,550829555712
60,34,0
60,35,0
60,36,137975824384
60,37,0
60,38,0
60,39,0
60,40,2147483648
60,41,0
60,42,1073741824
60,43,0
60,44,536870912
60,45,0
60,46,0
60,47,0
60,48,0
60,49,0
60,50,0
60,51,0
60,52,0
60,53,0
60,54,0
60,55,62914560
60,56,29360128
60,57,12582912
60,58,4194304
60,59,0
60,60,0
60,61,0
60,62,1048576
60,63,1572864
60,64,0
60,65,0
60,66,0
60,67,0
60,68,0
60,69,0
60,70,0
60,71,0
60,72,0
60,73,0
60,74,0
60,75,0
60,76,8192
60,77,0
60,78,4096
60,79,0
60,80,2048
60,81,0
61,1,1181745669222510362624
61,2,0
61,3,0
61,4,0
61,5,0
61,6,0
61,7,36965686754360164352
61,8,0
61,9,0
61,10,0
61,11,1154048505099059200
61,12,0
61,13,0
61,14,0
61,15,0
61,16,72198606941061120
61,17,0
61,18,0
61,19,0
61,20,0
61,21,1127000492212224
61,22,0
61,23,0
61,24,0
61,25,141012903133184
61,26,0
61,27,0
61,28,0
61,29,0
61,30,0
61,31,1100585369600
61,32,0
61,33,0
61,34,275414777856
61,35,0
61,36,0
61,37,0
61,38,0
61,39,0
61,40,0
61,41,1073741824
61,42,0
61,43,536870912
61,44,0
61,45,268435456
61,46,0
61,47,0
61,48,0
61,49,0
61,50,0
61,51,0
61,52,0
61,53,0
61,54,0
61,55,65011712
61,56,31457280
61,57,14680064
61,58,6291456
61,59,2097152
61,60,0
61,61,0
61,62,0
61,63,524288
61,64,0
61,65,0
61,66,0
61,67,0
61,68,0
61,69,0
61,70,0
61,71,0
61,72,0
61,73,0
61,74,0
61,75,0
61,76,0
61,77,4096
61,78,0
61,79,2048
61,80,0
61,81,1024
62,1,0
62,2,590872834611255181312
62,3,0
62,4,0
62,5,0
62,6,0
62,7,0
62,8,18482843377180082176
62,9,0
62,10,0
62,11,0
62,12,577024252549529600
62,13,0
62,14,0
62,15,0
62,16,0
62,17,36099303470530560
62,18,0
62,19,0
62,20,0
62,21,0
62,22,563500246106112
62,23,0
62,24,0
62,25,0
62,26,70506451566592
62,27,0
62,28,0
62,29,0
62,30,0
62,31,0
62,32,550292684800
62,33,0
62,34,0
62,35,137707388928
62,36,0
62,37,0
62,38,0
62,39,0
62,40,0
62,41,0
62,42,536870912
62,43,0
62,44,268435456
62,45,0
62,46,0
62,47,0
62,48,0
62,49,0
62,50,0
62,51,0
62,52,0
62,53,0
62,54,0
62,55,66060288
62,56,32505856
62,57,15728640
62,58,7340032
62,59,3145728
62,60,1048576
62,61,0
62,62,0
62,63,0
62,64,0
62,65,0
62,66,0
62,67,0
62,68,0
62,69,0
62,70,0
62,71,0
62,72,0
62,73,0
62,74,0
62,75,0
62,76,0
62,77,0
62,78,2048
62,79,0
62,80,1024
62,81,0
63,1,0
63,2,0
63,3,295436417305627590656
63,4,0
63,5,0
63,6,0
63,7,0
63,8,0
63,9,9241421688590041088
63,10,0
63,11,0
63,12,0
63,13,288512126274764800
63,14,0
63,15,0
63,16,0
63,17,0
63,18,18049651735265280
63,19,0
63,20,0
63,21,0
63,22,0
63,23,281750123053056
63,24,0
63,25,0
63,26,0
63,27,35253225783296
63,28,0
63,29,0
63,30,0
63,31,0
63,32,0
63,33,275146342400
63,34,0
63,35,0
63,36,68853694464
63,37,0
63,38,0
63,39,0
63,40,0
63,41,0
63,42,0
63,43,268435456
63,44,0
63,45,134217728
63,46,0
63,47,0
63,48,0
63,49,0
63,50,0
63,51,0
63,52,0
63,53,0
63,54,0
63,55,66584576
63,56,33030144
63,57,16252928
63,58,7864320
63,59,3670016
63,60,1572864
63,61,524288
63,62,0
63,63,0
63,64,0
63,65,0
63,66,0
63,67,0
63,68,0
63,69,0
63,70,0
63,71,0
63,72,0
63,73,0
63,74,0
63,75,0
63,76,0
63,77,0
63,78,0
63,79,1024
63,80,0
63,81,512
64,1,2365803952279117627392
64,2,0
64,3,0
64,4,0
64,5,0
64,6,0
64,7,0
64,8,37038168493095124992
64,9,0
64,10,4620710844295020544
64,11,0
64,12,0
64,13,0
64,14,0
64,15,0
64,16,144680345676021760
64,17,0
64,18,0
64,19,9024825867632640
64,20,0
64,21,0
64,22,0
64,23,0
64,24,565157600165888
64,25,0
64,26,0
64,27,0
64,28,17626612891648
64,29,0
64,30,0
64,31,0
64,32,2207646744576
64,33,0
64,34,0
64,35,0
64,36,0
64,37,34426847232
64,38,0
64,39,0
64,40,8623489024
64,41,0
64,42,0
64,43,0
64,44,0
64,45,0
64,46,67108864
64,47,0
64,48,33554432
64,49,0
64,50,0
64,51,0
64,52,0
64,53,0
64,54,0
64,55,0
64,56,0
64,57,0
64,58,0
64,59,0
64,60,0
64,61,0
64,62,0
64,63,0
64,64,0
64,65,0
64,66,65536
64,67,98304
64,68,114688
64,69,122880
64,70,126976
64,71,129024
64,72,130048
64,73,0
64,74,0
64,75,0
64,76,0
64,77,0
64,78,0
64,79,0
64,80,0
64,81,0
65,1,0
65,2,1182901976139558813696
65,3,0
65,4,0
65,5,0
65,6,0
65,7,0
65,8,0
65,9,18519084246547562496
65,10,0
65,11,2310355422147510272
65,12,0
65,13,0
65,14,0
65,15,0
65,16,0
65,17,72340172838010880
65,18,0
65,19,0
65,20,4512412933816320
65,21,0
65,22,0
65,23,0
65,24,0
65,25,282578800082944
65,26,0
65,27,0
65,28,0
65,29,8813306445824
65,30,0
65,31,0
65,32,0
65,33,1103823372288
65,34,0
65,35,0
65,36,0
65,37,0
65,38,17213423616
65,39,0
65,40,0
65,41,4311744512
65,42,0
65,43,0
65,44,0
65,45,0
65,46,0
65,47,33554432
65,48,0
65,49,16777216
65,50,0
65,51,0
65,52,0
65,53,0
65,54,0
65,55,0
65,56,0
65,57,0
65,58,0
65,59,0
65,60,0
65,61,0
65,62,0
65,63,0
65,64,0
65,65,0
65,66,0
65,67,32768
65,68,49152
65,69,57344
65,70,61440
65,71,63488
65,72,64512
65,73,0
65,74,0
65,75,0
65,76,0
65,77,0
65,78,0
65,79,0
65,80,0
65,81,0
66,1,0
66,2,0
66,3,591450988069779406848
66,4,0
66,5,0
66,6,0
66,7,0
66,8,0
66,9,0
66,10,0
66,11,0
66,12,1155177711073755136
66,13,0
66,14,0
66,15,0
66,16,0
66,17,0
66,18,36170086419005440
66,19,0
66,20,0
66,21,2256206466908160
66,22,0
66,23,0
66,24,0
66,25,0
66,26,141289400041472
66,27,0
66,28,0
66,29,0
66,30,4406653222912
66,31,0
66,32,0
66,33,0
66,34,551911686144
66,35,0
66,36,0
66,37,0
66,38,0
66,39,8606711808
66,40,0
66,41,0
66,42,2155872256
66,43,0
66,44,0
66,45,0
66,46,33554432
66,47,0
66,48,16777216
66,49,0
66,50,8388608
66,51,0
66,52,0
66,53,0
66,54,0
66,55,0
66,56,0
66,57,0
66,58,0
66,59,0
66,60,0
66,61,0
66,62,0
66,63,0
66,64,65536
66,65,0
66,66,0
66,67,0
66,68,16384
66,69,24576
66,70,28672
66,71,30720
66,72,31744
66,73,0
66,74,0
66,75,0
66,76,0
66,77,0
66,78,0
66,79,0
66,80,0
66,81,0
67,1,0
67,2,0
67,3,0
67,4,295725494034889703424
67,5,0
67,6,0
67,7,0
67,8,0
67,9,0
67,10,0
67,11,0
67,12,0
67,13,577588855536877568
67,14,0
67,15,0
67,16,0
67,17,0
67,18,0
67,19,0
67,20,0
67,21,0
67,22,1128103233454080
67,23,0
67,24,0
67,25,0
67,26,0
67,27,70644700020736
67,28,0
67,29,0
67,30,0
67,31,2203326611456
67,32,0
67,33,0
67,34,0
67,35,275955843072
67,36,0
67,37,17196646400
67,38,0
67,39,0
67,40,4303355904
67,41,0
67,42,0
67,43,1077936128
67,44,0
67,45,0
67,46,0
67,47,16777216
67,48,0
67,49,8388608
67,50,0
67,51,4194304
67,52,0
67,53,0
67,54,0
67,55,0
67,56,0
67,57,0
67,58,0
67,59,0
67,60,0
67,61,0
67,62,0
67,63,0
67,64,98304
67,65,32768
67,66,0
67,67,0
67,68,0
67,69,8192
67,70,12288
67,71,14336
67,72,15360
67,73,0
67,74,0
67,75,0
67,76,0
67,77,0
67,78,0
67,79,0
67,80,0
67,81,0
68,1,0
68,2,0
68,3,0
68,4,0
68,5,147862747017444851712
68,6,0
68,7,0
68,8,0
68,9,0
68,10,0
68,11,0
68,12,0
68,13,0
68,14,288794427768438784
68,15,0
68,16,0
68,17,0
68,18,0
68,19,0
68,20,0
68,21,0
68,22,0
68,23,564051616727040
68,24,0
68,25,0
68,26,0
68,27,0
68,28,8804691345408
68,29,0
68,30,0
68,31,0
68,32,1101663305728
68,33,0
68,34,0
68,35,0
68,36,137977921536
68,37,0
68,38,8598323200
68,39,0
68,40,0
68,41,2151677952
68,42,0
68,43,0
68,44,538968064
68,45,0
68,46,0
68,47,0
68,48,8388608
68,49,0
68,50,4194304
68,51,0
68,52,2097152
68,53,0
68,54,0
68,55,0
68,56,0
68,57,0
68,58,0
68,59,0
68,60,0
68,61,0
68,62,0
68,63,0
68,64,114688
68,65,49152
68,66,16384
68,67,0
68,68,0
68,69,0
68,70,4096
68,71,6144
68,72,7168
68,73,0
68,74,0
68,75,0
68,76,0
68,77,0
68,78,0
68,79,0
68,80,0
68,81,0
69,1,0
69,2,0
69,3,0
69,4,0
69,5,0
69,6,73931373508722425856
69,7,0
69,8,0
69,9,0
69,10,0
69,11,0
69,12,0
69,13,0
69,14,0
69,15,144397213884219392
69,16,0
69,17,0
69,18,0
69,19,4508001973043200
69,20,0
69,21,0
69,22,0
69,23,0
69,24,282025808363520
69,25,0
69,26,0
69,27,0
69,28,0
69,29,4402345672704
69,30,0
69,31,0
69,32,0
69,33,550831652864
69,34,0
69,35,0
69,36,0
69,37,0
69,38,0
69,39,4299161600
69,40,0
69,41,0
69,42,1075838976
69,43,0
69,44,0
69,45,269484032
69,46,0
69,47,0
69,48,0
69,49,4194304
69,50,0
69,51,2097152
69,52,0
69,53,1048576
69,54,0
69,55,0
69,56,0
69,57,0
69,58,0
69,59,0
69,60,0
69,61,0
69,62,0
69,63,0
69,64,122880
69,65,57344
69,66,24576
69,67,8192
69,68,0
69,69,0
69,70,0
69,71,2048
69,72,3072
69,73,0
69,74,0
69,75,0
69,76,0
69,77,0
69,78,0
69,79,0
69,80,0
69,81,0
70,1,0
70,2,0
70,3,0
70,4,0
70,5,0
70,6,0
70,7,36965686754361212928
70,8,0
70,9,0
70,10,2308097010200215552
70,11,0
70,12,0
70,13,0
70,14,0
70,15,0
70,16,72198606942109696
70,17,0
70,18,0
70,19,0
70,20,2254000986521600
70,21,0
70,22,0
70,23,0
70,24,0
70,25,141012904181760
70,26,0
70,27,0
70,28,0
70,29,0
70,30,2201172836352
70,31,0
70,32,0
70,33,0
70,34,275415826432
70,35,0
70,36,0
70,37,0
70,38,0
70,39,0
70,40,2149580800
70,41,0
70,42,0
70,43,537919488
70,44,0
70,45,0
70,46,0
70,47,0
70,48,0
70,49,0
70,50,2097152
70,51,0
70,52,1048576
70,53,0
70,54,524288
70,55,0
70,56,0
70,57,0
70,58,0
70,59,0
70,60,0
70,61,0
70,62,0
70,63,0
70,64,126976
70,65,61440
70,66,28672
70,67,12288
70,68,4096
70,69,0
70,70,0
70,71,0
70,72,1024
70,73,0
70,74,0
70,75,0
70,76,0
70,77,0
70,78,0
70,79,0
70,80,0
70,81,0
71,1,1181745669222511411200
71,2,0
71,3,0
71,4,0
71,5,0
71,6,0
71,7,0
71,8,18482843377180606464
71,9,0
71,10,0
71,11,1154048505100107776
71,12,0
71,13,0
71,14,0
71,15,0
71,16,0
71,17,36099303471054848
71,18,0
71,19,0
71,20,0
71,21,1127000493260800
71,22,0
71,23,0
71,24,0
71,25,0
71,26,70506452090880
71,27,0
71,28,0
71,29,0
71,30,0
71,31,1100586418176
71,32,0
71,33,0
71,34,0
71,35,137707913216
71,36,0
71,37,0
71,38,0
71,39,0
71,40,0
71,41,1074790400
71,42,0
71,43,0
71,44,268959744
71,45,0
71,46,0
71,47,0
71,48,0
71,49,0
71,50,0
71,51,1048576
71,52,0
71,53,524288
71,54,0
71,55,0
71,56,0
71,57,0
71,58,0
71,59,0
71,60,0
71,61,0
71,62,0
71,63,0
71,64,129024
71,65,63488
71,66,30720
71,67,14336
71,68,6144
71,69,2048
71,70,0
71,71,0
71,72,0
71,73,0
71,74,0
71,75,0
71,76,0
71,77,0
71,78,0
71,79,0
71,80,0
71,81,0
72,1,0
72,2,590872834611255705600
72,3,0
72,4,0
72,5,0
72,6,0
72,7,0
72,8,0
72,9,9241421688590303232
72,10,0
72,11,0
72,12,577024252550053888
72,13,0
72,14,0
72,15,0
72,16,0
72,17,0
72,18,18049651735527424
72,19,0
72,20,0
72,21,0
72,22,563500246630400
72,23,0
72,24,0
72,25,0
72,26,0
72,27,35253226045440
72,28,0
72,29,0
72,30,0
72,31,0
72,32,550293209088
72,33,0
72,34,0
72,35,0
72,36,68853956608
72,37,0
72,38,0
72,39,0
72,40,0
72,41,0
72,42,537395200
72,43,0
72,44,0
72,45,134479872
72,46,0
72,47,0
72,48,0
72,49,0
72,50,0
72,51,0
72,52,524288
72,53,0
72,54,262144
72,55,0
72,56,0
72,57,0
72,58,0
72,59,0
72,60,0
72,61,0
72,62,0
72,63,0
72,64,130048
72,65,64512
72,66,31744
72,67,15360
72,68,7168
72,69,3072
72,70,1024
72,71,0
72,72,0
72,73,0
72,74,0
72,75,0
72,76,0
72,77,0
72,78,0
72,79,0
72,80,0
72,81,0
73,1,2365803952279117758464
73,2,0
73,3,0
73,4,0
73,5,0
73,6,0
73,7,0
73,8,0
73,9,18519084246547628032
73,10,4620710844295151616
73,11,0
73,12,0
73,13,0
73,14,0
73,15,0
73,16,0
73,17,72340172838076416
73,18,0
73,19,9024825867763712
73,20,0
73,21,0
73,22,0
73,23,0
73,24,0
73,25,282578800148480
73,26,0
73,27,0
73,28,17626613022720
73,29,0
73,30,0
73,31,0
73,32,0
73,33,1103823437824
73,34,0
73,35,0
73,36,0
73,37,34426978304
73,38,0
73,39,0
73,40,0
73,41,4311810048
73,42,0
73,43,0
73,44,0
73,45,0
73,46,67239936
73,47,0
73,48,0
73,49,16842752
73,50,0
73,51,0
73,52,0
73,53,0
73,54,0
73,55,131072
73,56,0
73,57,65536
73,58,0
73,59,0
73,60,0
73,61,0
73,62,0
73,63,0
73,64,0
73,65,0
73,66,0
73,67,0
73,68,0
73,69,0
73,70,0
73,71,0
73,72,0
73,73,0
73,74,0
73,75,128
73,76,192
73,77,224
73,78,240
73,79,248
73,80,252
73,81,254
74,1,0
74,2,1182901976139558879232
74,3,0
74,4,0
74,5,0
74,6,0
74,7,0
74,8,0
74,9,0
74,10,0
74,11,2310355422147575808
74,12,0
74,13,0
74,14,0
74,15,0
74,16,0
74,17,0
74,18,36170086419038208
74,19,0
74,20,4512412933881856
74,21,0
74,22,0
74,23,0
74,24,0
74,25,0
74,26,141289400074240
74,27,0
74,28,0
74,29,8813306511360
74,30,0
74,31,0
74,32,0
74,33,0
74,34,551911718912
74,35,0
74,36,0
74,37,0
74,38,17213489152
74,39,0
74,40,0
74,41,0
74,42,2155905024
74,43,0
74,44,0
74,45,0
74,46,0
74,47,33619968
74,48,0
74,49,0
74,50,8421376
74,51,0
74,52,0
74,53,0
74,54,0
74,55,0
74,56,65536
74,57,0
74,58,32768
74,59,0
74,60,0
74,61,0
74,62,0
74,63,0
74,64,0
74,65,0
74,66,0
74,67,0
74,68,0
74,69,0
74,70,0
74,71,0
74,72,0
74,73,0
74,74,0
74,75,0
74,76,64
74,77,96
74,78,112
74,79,120
74,80,124
74,81,126
75,1,0
75,2,0
75,3,591450988069779439616
75,4,0
75,5,0
75,6,0
75,7,0
75,8,0
75,9,0
75,10,0
75,11,0
75,12,1155177711073787904
75,13,0
75,14,0
75,15,0
75,16,0
75,17,0
75,18,0
75,19,0
75,20,0
75,21,2256206466940928
75,22,0
75,23,0
75,24,0
75,25,0
75,26,0
75,27,70644700037120
75,28,0
75,29,0
75,30,4406653255680
75,31,0
75,32,0
75,33,0
75,34,0
75,35,275955859456
75,36,0
75,37,0
75,38,0
75,39,8606744576
75,40,0
75,41,0
75,42,0
75,43,1077952512
75,44,0
75,45,0
75,46,0
75,47,0
75,48,16809984
75,49,0
75,50,0
75,51,4210688
75,52,0
75,53,0
75,54,0
75,55,65536
75,56,0
75,57,32768
75,58,0
75,59,16384
75,60,0
75,61,0
75,62,0
75,63,0
75,64,0
75,65,0
75,66,0
75,67,0
75,68,0
75,69,0
75,70,0
75,71,0
75,72,0
75,73,128
75,74,0
75,75,0
75,76,0
75,77,32
75,78,48
75,79,56
75,80,60
75,81,62
76,1,0
76,2,0
76,3,0
76,4,295725494034889719808
76,5,0
76,6,0
76,7,0
76,8,0
76,9,0
76,10,0
76,11,0
76,12,0
76,13,577588855536893952
76,14,0
76,15,0
76,16,0
76,17,0
76,18,0
76,19,0
76,20,0
76,21,0
76,22,1128103233470464
76,23,0
76,24,0
76,25,0
76,26,0
76,27,0
76,28,0
76,29,0
76,30,0
76,31,2203326627840
76,32,0
76,33,0
76,34,0
76,35,0
76,36,137977929728
76,37,0
76,38,0
76,39,0
76,40,4303372288
76,41,0
76,42,0
76,43,0
76,44,538976256
76,45,0
76,46,33587200
76,47,0
76,48,0
76,49,8404992
76,50,0
76,51,0
76,52,2105344
76,53,0
76,54,0
76,55,0
76,56,32768
76,57,0
76,58,16384
76,59,0
76,60,8192
76,61,0
76,62,0
76,63,0
76,64,0
76,65,0
76,66,0
76,67,0
76,68,0
76,69,0
76,70,0
76,71,0
76,72,0
76,73,192
76,74,64
76,75,0
76,76,0
76,77,0
76,78,16
76,79,24
76,80,28
76,81,30
77,1,0
77,2,0
77,3,0
77,4,0
77,5,147862747017444859904
77,6,0
77,7,0
77,8,0
77,9,0
77,10,0
77,11,0
77,12,0
77,13,0
77,14,288794427768446976
77,15,0
77,16,0
77,17,0
77,18,0
77,19,0
77,20,0
77,21,0
77,22,0
77,23,564051616735232
77,24,0
77,25,0
77,26,0
77,27,0
77,28,0
77,29,0
77,30,0
77,31,0
77,32,1101663313920
77,33,0
77,34,0
77,35,0
77,36,0
77,37,17196662784
77,38,0
77,39,0
77,40,0
77,41,2151686144
77,42,0
77,43,0
77,44,0
77,45,269488128
77,46,0
77,47,16793600
77,48,0
77,49,0
77,50,4202496
77,51,0
77,52,0
77,53,1052672
77,54,0
77,55,0
77,56,0
77,57,16384
77,58,0
77,59,8192
77,60,0
77,61,4096
77,62,0
77,63,0
77,64,0
77,65,0
77,66,0
77,67,0
77,68,0
77,69,0
77,70,0
77,71,0
77,72,0
77,73,224
77,74,96
77,75,32
77,76,0
77,77,0
77,78,0
77,79,8
77,80,12
77,81,14
78,1,0
78,2,0
78,3,0
78,4,0
78,5,0
78,6,73931373508722429952
78,7,0
78,8,0
78,9,0
78,10,0
78,11,0
78,12,0
78,13,0
78,14,0
78,15,144397213884223488
78,16,0
78,17,0
78,18,0
78,19,0
78,20,0
78,21,0
78,22,0
78,23,0
78,24,282025808367616
78,25,0
78,26,0
78,27,0
78,28,8804691353600
78,29,0
78,30,0
78,31,0
78,32,0
78,33,550831656960
78,34,0
78,35,0
78,36,0
78,37,0
78,38,8598331392
78,39,0
78,40,0
78,41,0
78,42,1075843072
78,43,0
78,44,0
78,45,0
78,46,0
78,47,0
78,48,8396800
78,49,0
78,50,0
78,51,2101248
78,52,0
78,53,0
78,54,526336
78,55,0
78,56,0
78,57,0
78,58,8192
78,59,0
78,60,4096
78,61,0
78,62,2048
78,63,0
78,64,0
78,65,0
78,66,0
78,67,0
78,68,0
78,69,0
78,70,0
78,71,0
78,72,0
78,73,240
78,74,112
78,75,48
78,76,16
78,77,0
78,78,0
78,79,0
78,80,4
78,81,6
79,1,0
79,2,0
79,3,0
79,4,0
79,5,0
79,6,0
79,7,36965686754361214976
79,8,0
79,9,0
79,10,0
79,11,0
79,12,0
79,13,0
79,14,0
79,15,0
79,16,72198606942111744
79,17,0
79,18,0
79,19,4508001973047296
79,20,0
79,21,0
79,22,0
79,23,0
79,24,0
79,25,141012904183808
79,26,0
79,27,0
79,28,0
79,29,4402345676800
79,30,0
79,31,0
79,32,0
79,33,0
79,34,275415828480
79,35,0
79,36,0
79,37,0
79,38,0
79,39,4299165696
79,40,0
79,41,0
79,42,0
79,43,537921536
79,44,0
79,45,0
79,46,0
79,47,0
79,48,0
79,49,4198400
79,50,0
79,51,0
79,52,1050624
79,53,0
79,54,0
79,55,0
79,56,0
79,57,0
79,58,0
79,59,4096
79,60,0
79,61,2048
79,62,0
79,63,1024
79,64,0
79,65,0
79,66,0
79,67,0
79,68,0
79,69,0
79,70,0
79,71,0
79,72,0
79,73,248
79,74,120
79,75,56
79,76,24
79,77,8
79,78,0
79,79,0
79,80,0
79,81,2
80,1,0
80,2,0
80,3,0
80,4,0
80,5,0
80,6,0
80,7,0
80,8,18482843377180607488
80,9,0
80,10,2308097010200217600
80,11,0
80,12,0
80,13,0
80,14,0
80,15,0
80,16,0
80,17,36099303471055872
80,18,0
80,19,0
80,20,2254000986523648
80,21,0
80,22,0
80,23,0
80,24,0
80,25,0
80,26,70506452091904
80,27,0
80,28,0
80,29,0
80,30,2201172838400
80,31,0
80,32,0
80,33,0
80,34,0
80,35,137707914240
80,36,0
80,37,0
80,38,0
80,39,0
80,40,2149582848
80,41,0
80,42,0
80,43,0
80,44,268960768
80,45,0
80,46,0
80,47,0
80,48,0
80,49,0
80,50,2099200
80,51,0
80,52,0
80,53,525312
80,54,0
80,55,0
80,56,0
80,57,0
80,58,0
80,59,0
80,60,2048
80,61,0
80,62,1024
80,63,0
80,64,0
80,65,0
80,66,0
80,67,0
80,68,0
80,69,0
80,70,0
80,71,0
80,72,0
80,73,252
80,74,124
80,75,60
80,76,28
80,77,12
80,78,4
80,79,0
80,80,0
80,81,0
81,1,1181745669222511412224
81,2,0
81,3,0
81,4,0
81,5,0
81,6,0
81,7,0
81,8,0
81,9,9241421688590303744
81,10,0
81,11,1154048505100108800
81,12,0
81,13,0
81,14,0
81,15,0
81,16,0
81,17,0
81,18,18049651735527936
81,19,0
81,20,0
81,21,1127000493261824
81,22,0
81,23,0
81,24,0
81,25,0
81,26,0
81,27,35253226045952
81,28,0
81,29,0
81,30,0
81,31,1100586419200
81,32,0
81,33,0
81,34,0
81,35,0
81,36,68853957120
81,37,0
81,38,0
81,39,0
81,40,0
81,41,1074791424
81,42,0
81,43,0
81,44,0
81,45,134480384
81,46,0
81,47,0
81,48,0
81,49,0
81,50,0
81,51,1049600
81,52,0
81,53,0
81,54,262656
81,55,0
81,56,0
81,57,0
81,58,0
81,59,0
81,60,0
81,61,1024
81,62,0
81,63,512
81,64,0
81,65,0
81,66,0
81,67,0
81,68,0
81,69,0
81,70,0
81,71,0
81,72,0
81,73,254
81,74,126
81,75,62
81,76,30
81,77,14
81,78,6
81,79,2
81,80,0
81,81,0
