1,5,0
1,56,0
1,35,0
1,55,0
1,110,0
1,114,0
1,123,0
1,60,0
1,30,0
1,32,0
1,6,0
1,67,0
1,45,0
1,117,0
1,73,0
1,115,0
1,112,0
1,64,0
1,90,0
1,4,0
1,13,0
1,54,0
1,63,0
1,86,0
1,104,0
1,91,0
1,62,0
1,122,0
1,58,0
1,52,0
1,12,0
1,28,0
1,75,0
1,23,0
1,111,0
1,92,0
1,41,0
1,43,0
1,11,0
1,36,0
1,68,0
1,69,0
1,98,0
1,82,0
1,85,0
1,118,0
1,119,0
1,125,0
1,39,0
1,84,0
1,77,0
1,7,0
1,25,0
1,95,0
1,126,0
1,108,0
1,71,0
1,66,0
1,76,0
1,103,0
1,34,0
1,50,0
1,59,0
1,93,0
1,2,0
1,10,0
1,18,0
1,26,0
1,27,0
1,124,0
1,42,0
1,87,0
1,127,0
1,116,0
1,100,0
1,79,0
1,16,0
1,20,0
1,81,0
1,19,0
1,0,0
1,49,0
1,44,0
1,9,0
1,31,0
1,74,0
1,106,0
1,109,0
1,61,0
1,29,0
1,94,0
1,107,0
1,46,0
1,57,0
1,102,0
1,70,0
1,21,0
1,38,0
1,88,0
1,120,0
1,101,0
1,78,0
1,105,0
1,72,0
1,24,0
1,8,0
1,17,0
1,37,0
1,1,0
1,53,0
1,22,0
1,47,0
1,83,0
1,99,0
1,121,0
1,89,0
1,14,0
1,3,0
1,80,0
1,96,0
1,51,0
1,33,0
1,40,0
1,48,0
1,113,0
1,15,0
1,65,0
1,97,0
2,5,0
2,56,0
2,35,0
2,55,0
2,110,0
2,114,0
2,123,0
2,60,0
2,30,0
2,32,0
2,6,0
2,67,0
2,45,0
2,117,0
2,73,0
2,115,0
2,112,0
2,64,0
2,90,0
2,4,0
2,13,0
2,54,0
2,63,0
2,86,0
2,104,0
2,91,0
2,62,0
2,122,0
2,58,0
2,52,0
2,12,0
2,28,0
2,75,0
2,23,0
2,111,0
2,92,0
2,41,0
2,43,0
2,11,0
2,36,0
2,68,0
2,69,0
2,98,0
2,82,0
2,85,0
2,118,0
2,119,0
2,125,0
2,39,0
2,84,0
2,77,0
2,7,0
2,25,0
2,95,0
2,126,0
2,108,0
2,71,0
2,66,0
2,76,0
2,103,0
2,34,0
2,50,0
2,59,0
2,93,0
2,2,0
2,10,0
2,18,0
2,26,0
2,27,0
2,124,0
2,42,0
2,87,0
2,127,0
2,116,0
2,100,0
2,79,0
2,16,0
2,20,0
2,81,0
2,19,0
2,0,2361183241434822606848
2,49,0
2,44,0
2,9,0
2,31,0
2,74,0
2,106,0
2,109,0
2,61,0
2,29,0
2,94,0
2,107,0
2,46,0
2,57,0
2,102,0
2,70,0
2,21,0
2,38,0
2,88,0
2,120,0
2,101,0
2,78,0
2,105,0
2,72,0
2,24,0
2,8,0
2,17,0
2,37,0
2,1,0
2,53,0
2,22,0
2,47,0
2,83,0
2,99,0
2,121,0
2,89,0
2,14,0
2,3,0
2,80,0
2,96,0
2,51,0
2,33,0
2,40,0
2,48,0
2,113,0
2,15,0
2,65,0
2,97,0
3,0,1185203306735838691328
3,1180591620717411303424,1180591620717411303424
4,0,592610660567174086656
4,592601653367919345664,590295810358705651712
4,2305843009213693952,592601653367919345664
4,590295810358705651712,590295810358705651712
5,0,296305347875773087744
5,295152408778980196352,295147905179352825856
5,4503599627370496,296305330283587043328
5,1152921504606846976,296300826683959672832
5,296305330283587043328,295147905179352825856
5,1157425104234217472,296300826683959672832
5,295147905179352825856,295147905179352825856
5,296300826683959672832,295147905179352825856
6,147576213185583120384,147573952589676412928
6,147573961385769435136,147573952589676412928
6,0,148152673972246282240
6,576469548396445696,148150413341979836416
6,578712552117108736,148150413341979836416
6,148150422138072858624,147573952589676412928
6,147576204389490098176,147573952589676412928
6,148150413341979836416,147573952589676412928
6,148152673937886543872,147573952589676412928
6,148152665141793521664,147573952589676412928
6,147573952589676412928,147573952589676412928
6,8796093022208,148152673937886543872
6,2251799813685248,148152665141793521664
6,2260595906707456,148152665141793521664
6,578721348210130944,148150413341979836416
6,576460752303423488,148150413341979836416
7,74075206670989918208,73786976294838206464
7,73788102194745049088,73786976294838206464
7,74075211069036429312,73786976294838206464
7,74076332570896760832,73786976294838206464
7,73786976294838206464,73786976294838206464
7,288234791378092032,74075206670989918208
7,74076336986123141120,73786976294838206464
7,288234774198222848,74075206670989918208
7,73788106609971429376,73786976294838206464
7,0,74076336986190249984
7,4415226380288,74076336968943271936
7,74076336968943271936,73786976294838206464
7,74075206688169787392,73786976294838206464
7,4398046511104,74076336968943271936
7,289360691284934656,74075206670989918208
7,74076332588076630016,73786976294838206464
7,17179869184,74076336986123141120
7,73786980692884717568,73786976294838206464
7,288230376151711744,74075206670989918208
7,1130315133222912,74076332570896760832
7,73788106592791560192,73786976294838206464
7,289356293238423552,74075206670989918208
7,74075211086216298496,73786976294838206464
7,1125917086711808,74076332570896760832
7,288230393331580928,74075206670989918208
7,1125899906842624,74076332570896760832
7,289356276058554368,74075206670989918208
7,1130297953353728,74076332570896760832
7,289360674105065472,74075206670989918208
7,73786976312018075648,73786976294838206464
7,73786980710064586752,73786976294838206464
7,73788102211924918272,73786976294838206464
8,562958576910336,37038166285448380416
8,37037605534518214656,36893488147419103232
8,36894053305019269120,36893488147419103232
8,2207613190144,37038168484471635968
8,144680345642467328,37037603335494959104
8,144678146652766208,37037603335494959104
8,565157566611456,37038166285448380416
8,36893490355065847808,36893488147419103232
8,144680337052532736,37037603335494959104
8,36893488156009037824,36893488147419103232
8,2199023255552,37038168484471635968
8,37037603335528513536,36893488147419103232
8,8589934592,37038168493061570560
8,144115196699344896,37037603335494959104
8,8623489024,37038168493061570560
8,144117387132665856,37037603335494959104
8,36894051097406078976,36893488147419103232
8,144117395689046016,37037603335494959104
8,36894053296429334528,36893488147419103232
8,36894051105962459136,36893488147419103232
8,36893488147452657664,36893488147419103232
8,36893490355032293376,36893488147419103232
8,565148976676864,37038166285448380416
8,562949953421312,37038166285448380416
8,36893488156042592256,36893488147419103232
8,36893490346475913216,36893488147419103232
8,37038166285448380416,36893488147419103232
8,144680337086087168,37037603335494959104
8,144678138029277184,37037603335494959104
8,37038166294071869440,36893488147419103232
8,37037603335494959104,36893488147419103232
8,37037603344118448128,36893488147419103232
8,562949986975744,37038166285448380416
8,144117395722600448,37037603335494959104
8,33554432,37038168493095124992
8,36894051097372524544,36893488147419103232
8,37038166294038315008,36893488147419103232
8,37038166285481934848,36893488147419103232
8,2207646744576,37038168484471635968
8,36894053296395780096,36893488147419103232
8,0,37038168493095256064
8,37037603344084893696,36893488147419103232
8,37038168493061570560,36893488147419103232
8,36894053304985714688,36893488147419103232
8,36893490346442358784,36893488147419103232
8,144115188109410304,37037603335494959104
8,144680345676021760,37037603335494959104
8,144678138062831616,37037603335494959104
8,37037605534551769088,36893488147419103232
8,37038168493095124992,36893488147419103232
8,37038168484471635968,36893488147419103232
8,36893488147419103232,36893488147419103232
8,2199056809984,37038168484471635968
8,565149010231296,37038166285448380416
8,144117387099111424,37037603335494959104
8,36894051105996013568,36893488147419103232
8,37037605543108149248,36893488147419103232
8,565157600165888,37038166285448380416
8,144678146619211776,37037603335494959104
8,37037605543141703680,36893488147419103232
8,144115196665790464,37037603335494959104
8,562958543355904,37038166285448380416
8,144115188075855872,37037603335494959104
8,37038168484505190400,36893488147419103232
9,18519083142724255744,18446744073709551616
9,18447026652509700096,18446744073709551616
9,1103806595072,18519084242235817984
9,281474976776192,18519083142724190208
9,282574488403968,18519083142724190208
9,282578783305728,18519083142724190208
9,18519083147036000256,18446744073709551616
9,18446745177532989440,18446744073709551616
9,4295032832,18519084246530785280
9,1099511627776,18519084242235817984
9,4294967296,18519084246530785280
9,72057598332895232,18518801667747479552
9,72058697844523008,18518801667747479552
9,72058697844588544,18518801667747479552
9,72057594054705152,18518801667747479552
9,18447026648197890048,18446744073709551616
9,72339073326448640,18518801667747479552
9,72340172838076416,18518801667747479552
9,18447026648214732800,18446744073709551616
9,18518801672042512384,18446744073709551616
9,72058693566398464,18518801667747479552
9,18447025552981295104,18446744073709551616
9,18447025552981229568,18446744073709551616
9,72058693549621248,18518801667747479552
9,18518802767259172864,18446744073709551616
9,282578783371264,18519083142724190208
9,18447025548703039488,18446744073709551616
9,18518801667764322304,18446744073709551616
9,72339069014638592,18518801667747479552
9,18518802767259107328,18446744073709551616
9,72339069014704128,18518801667747479552
9,18447025548686327808,18446744073709551616
9,18446745173237956608,18446744073709551616
9,18447026652492922880,18446744073709551616
9,18519084242252660736,18446744073709551616
9,18519084246547562496,18446744073709551616
9,18519084242252595200,18446744073709551616
9,18519083147035934720,18446744073709551616
9,281479288520704,18519083142724190208
9,18518801667747479552,18446744073709551616
9,18447025548686262272,18446744073709551616
9,4311810048,18519084246530785280
9,72057598349672448,18518801667747479552
9,18446744078021296128,18446744073709551616
9,72339069031481344,18518801667747479552
9,18446744073709551616,18446744073709551616
9,18519084242235817984,18446744073709551616
9,18446745173238022144,18446744073709551616
9,18518801667764256768,18446744073709551616
9,1099528404992,18519084242235817984
9,282574505115648,18519083142724190208
9,18446745173221179392,18446744073709551616
9,18518802767275884544,18446744073709551616
9,18447025552998006784,18446744073709551616
9,1099511693312,18519084242235817984
9,282578800148480,18519083142724190208
9,18518802771570851840,18446744073709551616
9,65536,18519084246547628032
9,18518801672059224064,18446744073709551616
9,18518802771554074624,18446744073709551616
9,18519083142740967424,18446744073709551616
9,281479271677952,18519083142724190208
9,18518801672042446848,18446744073709551616
9,281479288455168,18519083142724190208
9,1103806660608,18519084242235817984
9,72340172821233664,18518801667747479552
9,18446744078004518912,18446744073709551616
9,1099528470528,18519084242235817984
9,18518801667747545088,18446744073709551616
9,18519084246530785280,18446744073709551616
9,72340168526266368,18518801667747479552
9,0,18519084246547628288
9,281479271743488,18519083142724190208
9,18518801672059289600,18446744073709551616
9,18519083147019157504,18446744073709551616
9,18519083147019223040,18446744073709551616
9,18446744073726394368,18446744073709551616
9,4311744512,18519084246530785280
9,72058693566332928,18518801667747479552
9,72058697861365760,18518801667747479552
9,72339069031415808,18518801667747479552
9,18447026648197955584,18446744073709551616
9,18518802771570917376,18446744073709551616
9,18519083142724190208,18446744073709551616
9,18446745177532923904,18446744073709551616
9,282574488338432,18519083142724190208
9,18447025548703105024,18446744073709551616
9,72340168543109120,18518801667747479552
9,18447025552998072320,18446744073709551616
9,16842752,18519084246547562496
9,18519084242235883520,18446744073709551616
9,72340168543043584,18518801667747479552
9,72339073309605888,18518801667747479552
9,72340168526331904,18518801667747479552
9,18519083142741032960,18446744073709551616
9,72058697861300224,18518801667747479552
9,72340172821299200,18518801667747479552
9,16777216,18519084246547562496
9,72057594054770688,18518801667747479552
9,72339073309671424,18518801667747479552
9,18446744073709617152,18446744073709551616
9,1103823372288,18519084242235817984
9,72057594037927936,18518801667747479552
9,72057594037993472,18518801667747479552
9,72057598349737984,18518801667747479552
9,1103823437824,18519084242235817984
9,281474993487872,18519083142724190208
9,18446745177516212224,18446744073709551616
9,18447026648214667264,18446744073709551616
9,72340172838010880,18518801667747479552
9,18447026652509634560,18446744073709551616
9,72339073326383104,18518801667747479552
9,18446744073726328832,18446744073709551616
9,18446745173221244928,18446744073709551616
9,18519084246547628032,18446744073709551616
9,72058693549555712,18518801667747479552
9,18446745177516146688,18446744073709551616
9,282574505181184,18519083142724190208
9,18446744078021361664,18446744073709551616
9,18518802771554140160,18446744073709551616
9,18446744078004584448,18446744073709551616
9,282578800082944,18519083142724190208
9,18519084246530850816,18446744073709551616
9,18447026652492857344,18446744073709551616
9,281474976710656,18519083142724190208
9,72057598332960768,18518801667747479552
9,18518802767275950080,18446744073709551616
9,281474993553408,18519083142724190208
10,5,0
10,56,0
10,35,0
10,55,0
10,110,0
10,114,0
10,123,0
10,60,0
10,30,0
10,32,0
10,6,0
10,67,0
10,45,0
10,117,0
10,73,0
10,115,0
10,112,0
10,64,0
10,90,0
10,4,0
10,13,0
10,54,0
10,63,0
10,86,0
10,104,0
10,91,0
10,62,0
10,122,0
10,58,0
10,52,0
10,12,0
10,28,0
10,75,0
10,23,0
10,111,0
10,92,0
10,41,0
10,43,0
10,11,0
10,36,0
10,68,0
10,69,0
10,98,0
10,82,0
10,85,0
10,118,0
10,119,0
10,125,0
10,39,0
10,84,0
10,77,0
10,7,0
10,25,0
10,95,0
10,126,0
10,108,0
10,71,0
10,66,0
10,76,0
10,103,0
10,34,0
10,50,0
10,59,0
10,93,0
10,2,0
10,10,0
10,18,0
10,26,0
10,27,0
10,124,0
10,42,0
10,87,0
10,127,0
10,116,0
10,100,0
10,79,0
10,16,0
10,20,0
10,81,0
10,19,0
10,0,604462909807314587353088
10,49,0
10,44,0
10,9,0
10,31,0
10,74,0
10,106,0
10,109,0
10,61,0
10,29,0
10,94,0
10,107,0
10,46,0
10,57,0
10,102,0
10,70,0
10,21,0
10,38,0
10,88,0
10,120,0
10,101,0
10,78,0
10,105,0
10,72,0
10,24,0
10,8,0
10,17,0
10,37,0
10,1,0
10,53,0
10,22,0
10,47,0
10,83,0
10,99,0
10,121,0
10,89,0
10,14,0
10,3,0
10,80,0
10,96,0
10,51,0
10,33,0
10,40,0
10,48,0
10,113,0
10,15,0
10,65,0
10,97,0
11,5,0
11,56,0
11,35,0
11,55,0
11,110,0
11,114,0
11,123,0
11,60,0
11,30,0
11,32,0
11,6,0
11,67,0
11,45,0
11,117,0
11,73,0
11,115,0
11,112,0
11,64,0
11,90,0
11,4,0
11,13,0
11,54,0
11,63,0
11,86,0
11,104,0
11,91,0
11,62,0
11,122,0
11,58,0
11,52,0
11,12,0
11,28,0
11,75,0
11,23,0
11,111,0
11,92,0
11,41,0
11,43,0
11,11,0
11,36,0
11,68,0
11,69,0
11,98,0
11,82,0
11,85,0
11,118,0
11,119,0
11,125,0
11,39,0
11,84,0
11,77,0
11,7,0
11,25,0
11,95,0
11,126,0
11,108,0
11,71,0
11,66,0
11,76,0
11,103,0
11,34,0
11,50,0
11,59,0
11,93,0
11,2,0
11,10,0
11,18,0
11,26,0
11,27,0
11,124,0
11,42,0
11,87,0
11,127,0
11,116,0
11,100,0
11,79,0
11,16,0
11,20,0
11,81,0
11,19,0
11,0,302236066589675721064448
11,49,0
11,44,0
11,9,0
11,31,0
11,74,0
11,106,0
11,109,0
11,61,0
11,29,0
11,94,0
11,107,0
11,46,0
11,57,0
11,102,0
11,70,0
11,21,0
11,38,0
11,88,0
11,120,0
11,101,0
11,78,0
11,105,0
11,72,0
11,24,0
11,8,0
11,17,0
11,37,0
11,1,0
11,53,0
11,22,0
11,47,0
11,83,0
11,99,0
11,121,0
11,89,0
11,14,0
11,3,0
11,80,0
11,96,0
11,51,0
11,33,0
11,40,0
11,48,0
11,113,0
11,15,0
11,65,0
11,97,0
12,0,151118042302037115273216
12,2305843009213693952,151118033294837860532224
13,0,75559021168610743681024
13,4503599627370496,75559021151018557636608
13,1152921504606846976,75559016647418930266112
13,1157425104234217472,75559016647418930266112
14,0,37779510584339731578880
14,2251799813685248,37779510575509278818304
14,2260595906707456,37779510575509278818304
14,576469548396445696,37779508323709465133056
14,578721348210130944,37779508323709465133056
14,8796093022208,37779510584305371840512
14,576460752303423488,37779508323709465133056
14,578712552117108736,37779508323709465133056
15,288234791378092032,18889754161854732566528
15,288234774198222848,18889754161854732566528
15,0,18889755292169932898304
15,4415226380288,18889755292152685920256
15,4398046511104,18889755292152685920256
15,289360691284934656,18889754161854732566528
15,17179869184,18889755292169865789440
15,288230376151711744,18889754161854732566528
15,1130315133222912,18889755287754639409152
15,289356293238423552,18889754161854732566528
15,1125917086711808,18889755287754639409152
15,288230393331580928,18889754161854732566528
15,1125899906842624,18889755287754639409152
15,289356276058554368,18889754161854732566528
15,1130297953353728,18889755287754639409152
15,289360674105065472,18889754161854732566528
16,562958576910336,9444877643877319704576
16,144117387132665856,9444877080927366283264
16,144117395689046016,9444877080927366283264
16,33554432,9444877646084966449152
16,2199056809984,9444877646076342960128
16,565149010231296,9444877643877319704576
16,2207613190144,9444877646076342960128
16,144117387099111424,9444877080927366283264
16,144680345642467328,9444877080927366283264
16,2207646744576,9444877646076342960128
16,0,9444877646084966580224
16,144678146652766208,9444877080927366283264
16,565157566611456,9444877643877319704576
16,565148976676864,9444877643877319704576
16,562949953421312,9444877643877319704576
16,144680337052532736,9444877080927366283264
16,565157600165888,9444877643877319704576
16,144115188109410304,9444877080927366283264
16,144678146619211776,9444877080927366283264
16,2199023255552,9444877646076342960128
16,144680337086087168,9444877080927366283264
16,144678138062831616,9444877080927366283264
16,144680345676021760,9444877080927366283264
16,8589934592,9444877646084932894720
16,144115196665790464,9444877080927366283264
16,144678138029277184,9444877080927366283264
16,562958543355904,9444877643877319704576
16,144115196699344896,9444877080927366283264
16,562949986975744,9444877643877319704576
16,8623489024,9444877646084932894720
16,144115188075855872,9444877080927366283264
16,144117395722600448,9444877080927366283264
17,1103806595072,4722438823038171480064
17,281474976776192,4722438821938659852288
17,282574488403968,4722438821938659852288
17,282578783305728,4722438821938659852288
17,4295032832,4722438823042466447360
17,1099511627776,4722438823038171480064
17,4294967296,4722438823042466447360
17,72057598332895232,4722438540463683141632
17,72058697844523008,4722438540463683141632
17,72058697844588544,4722438540463683141632
17,72057594054705152,4722438540463683141632
17,72339073326448640,4722438540463683141632
17,72340172838076416,4722438540463683141632
17,72058693566398464,4722438540463683141632
17,72058693549621248,4722438540463683141632
17,282578783371264,4722438821938659852288
17,72339069014638592,4722438540463683141632
17,72339069014704128,4722438540463683141632
17,281479288520704,4722438821938659852288
17,4311810048,4722438823042466447360
17,72057598349672448,4722438540463683141632
17,72339069031481344,4722438540463683141632
17,1099528404992,4722438823038171480064
17,282574505115648,4722438821938659852288
17,1099511693312,4722438823038171480064
17,282578800148480,4722438821938659852288
17,65536,4722438823042483290112
17,281479271677952,4722438821938659852288
17,281479288455168,4722438821938659852288
17,1103806660608,4722438823038171480064
17,72340172821233664,4722438540463683141632
17,1099528470528,4722438823038171480064
17,72340168526266368,4722438540463683141632
17,0,4722438823042483290368
17,281479271743488,4722438821938659852288
17,4311744512,4722438823042466447360
17,72058693566332928,4722438540463683141632
17,72058697861365760,4722438540463683141632
17,72339069031415808,4722438540463683141632
17,282574488338432,4722438821938659852288
17,72340168543109120,4722438540463683141632
17,16842752,4722438823042483224576
17,72340168543043584,4722438540463683141632
17,72339073309605888,4722438540463683141632
17,72340168526331904,4722438540463683141632
17,72058697861300224,4722438540463683141632
17,72340172821299200,4722438540463683141632
17,16777216,4722438823042483224576
17,72057594054770688,4722438540463683141632
17,72339073309671424,4722438540463683141632
17,1103823372288,4722438823038171480064
17,72057594037927936,4722438540463683141632
17,72057594037993472,4722438540463683141632
17,72057598349737984,4722438540463683141632
17,1103823437824,4722438823038171480064
17,281474993487872,4722438821938659852288
17,72340172838010880,4722438540463683141632
17,72339073326383104,4722438540463683141632
17,72058693549555712,4722438540463683141632
17,282574505181184,4722438821938659852288
17,282578800082944,4722438821938659852288
17,281474976710656,4722438821938659852288
17,72057598332960768,4722438540463683141632
17,281474993553408,4722438821938659852288
18,141289391652864,36169534507319296
18,141289400041472,36169534507319296
18,2147483648,36170086410616832
18,36029346774810624,36028797018963968
18,141287252557824,36169534507319296
18,36170086419005440,36028797018963968
18,36169536663224320,36028797018963968
18,36029348930650112,36028797018963968
18,36169536654802944,36028797018963968
18,36029346783199232,36028797018963968
18,36029348922294272,36028797018963968
18,141289391685632,36169534507319296
18,140737496743936,36169534507319296
18,36028797018963968,36028797018963968
18,549755846656,36170084263133184
18,140739635838976,36169534507319296
18,140739635871744,36169534507319296
18,36170086410616832,36028797018963968
18,140737488355328,36169534507319296
18,140739644260352,36169534507319296
18,36169536663191552,36028797018963968
18,36170084263133184,36028797018963968
18,141287252590592,36169534507319296
18,36169536654835712,36028797018963968
18,36028797027385344,36028797018963968
18,36169534507352064,36028797018963968
18,2155872256,36170086410616832
18,36029346774777856,36028797018963968
18,36169534515740672,36028797018963968
18,36170084271521792,36028797018963968
18,36170086419038208,36028797018963968
18,36028799166447616,36028797018963968
18,2147516416,36170086410616832
18,551903297536,36170084263133184
18,8421376,36170086419005440
18,141287244201984,36169534507319296
18,549755813888,36170084263133184
18,551911718912,36170084263133184
18,0,36170086419038336
18,36028797027352576,36028797018963968
18,36029348922261504,36028797018963968
18,549764202496,36170084263133184
18,36169534515707904,36028797018963968
18,36028799166480384,36028797018963968
18,551911686144,36170084263133184
18,140737496776704,36169534507319296
18,32768,36170086419038208
18,36028799174836224,36028797018963968
18,36029348930682880,36028797018963968
18,8388608,36170086419005440
18,2155905024,36170086410616832
18,140737488388096,36169534507319296
18,141287244169216,36169534507319296
18,36170084263165952,36028797018963968
18,141289400074240,36169534507319296
18,36169534507319296,36028797018963968
18,140739644227584,36169534507319296
18,36170084271554560,36028797018963968
18,36170086410649600,36028797018963968
18,36028799174868992,36028797018963968
18,36029346783166464,36028797018963968
18,551903330304,36170084263133184
18,549764235264,36170084263133184
18,36028797018996736,36028797018963968
19,0,303412046524374704979968
19,1180591620717411303424,1180591620717411303424
20,0,151706032269386607230976
20,590295810358705651712,590304817557960392704
21,0,75853016152285489659904
21,295152408778980196352,295152408778980196352
21,4503599627370496,75853016134693303615488
21,295147905179352825856,295152426371166240768
22,0,37926508076177104568320
22,147576213185583120384,147576204389490098176
22,2251799813685248,37926508067346651807744
22,2260595906707456,37926508067346651807744
22,147573961385769435136,147576213185583120384
22,147573952589676412928,147576213219942858752
22,8796093022208,37926508076142744829952
22,147576204389490098176,147576204389490098176
23,73788102194745049088,73788102194745049088
23,73786976294838206464,73788106610038538240
23,73788106609971429376,73788102194745049088
23,0,18963254038088619393024
23,4415226380288,18963254038071372414976
23,4398046511104,18963254038071372414976
23,17179869184,18963254038088552284160
23,73786980692884717568,73788106592791560192
23,1130315133222912,18963254033673325903872
23,73788106592791560192,73788102194745049088
23,1125917086711808,18963254033673325903872
23,1125899906842624,18963254033673325903872
23,1130297953353728,18963254033673325903872
23,73786976312018075648,73788106609971429376
23,73786980710064586752,73788106592791560192
23,73788102211924918272,73788102194745049088
24,562958576910336,9481627016836662951936
24,36894051097406078976,36894051097372524544
24,36893488147419103232,36894053305019400192
24,36894053296429334528,36894051097372524544
24,33554432,9481627019044309696512
24,36894051097372524544,36894051097372524544
24,2199056809984,9481627019035686207488
24,565149010231296,9481627016836662951936
24,2207613190144,9481627019035686207488
24,36894051105962459136,36894051097372524544
24,36894053305019269120,36894051097372524544
24,2207646744576,9481627019035686207488
24,36893488147452657664,36894053305019269120
24,36894051105996013568,36894051097372524544
24,0,9481627019044309827584
24,36894053296395780096,36894051097372524544
24,36893490355032293376,36894053296395780096
24,565157566611456,9481627016836662951936
24,36893490355065847808,36894053296395780096
24,565148976676864,9481627016836662951936
24,562949953421312,9481627016836662951936
24,36894053304985714688,36894051097372524544
24,36893488156042592256,36894053304985714688
24,36893490346442358784,36894053296395780096
24,565157600165888,9481627016836662951936
24,36893490346475913216,36894053296395780096
24,36893488156009037824,36894053304985714688
24,2199023255552,9481627019035686207488
24,8589934592,9481627019044276142080
24,562958543355904,9481627016836662951936
24,562949986975744,9481627016836662951936
24,8623489024,9481627019044276142080
25,18447026652509700096,18447025548686262272
25,1103806595072,4740813509517843103744
25,281474976776192,4740813508418331475968
25,282574488403968,4740813508418331475968
25,282578783305728,4740813508418331475968
25,18446745177532989440,18447026648197890048
25,4295032832,4740813509522138071040
25,1099511627776,4740813509517843103744
25,4294967296,4740813509522138071040
25,18447026648197890048,18447025548686262272
25,18447026648214732800,18447025548686262272
25,18447025552981295104,18447025548686262272
25,18447025552981229568,18447025548686262272
25,282578783371264,4740813508418331475968
25,18447025548703039488,18447025548686262272
25,18447025548686327808,18447025548686262272
25,18447026652492922880,18447025548686262272
25,18446745173237956608,18447026648197890048
25,281479288520704,4740813508418331475968
25,18447025548686262272,18447025548686262272
25,4311810048,4740813509522138071040
25,18446744078021296128,18447026652492857344
25,18446744073709551616,18447026652509700352
25,18446745173238022144,18447026648197890048
25,1099528404992,4740813509517843103744
25,282574505115648,4740813508418331475968
25,18446745173221179392,18447026648197890048
25,18447025552998006784,18447025548686262272
25,1099511693312,4740813509517843103744
25,282578800148480,4740813508418331475968
25,65536,4740813509522154913792
25,281479271677952,4740813508418331475968
25,281479288455168,4740813508418331475968
25,1103806660608,4740813509517843103744
25,18446744078004518912,18447026652492857344
25,1099528470528,4740813509517843103744
25,0,4740813509522154914048
25,281479271743488,4740813508418331475968
25,18446744073726394368,18447026652509634560
25,4311744512,4740813509522138071040
25,18447026648197955584,18447025548686262272
25,18446745177532923904,18447026648197890048
25,282574488338432,4740813508418331475968
25,18447025548703105024,18447025548686262272
25,18447025552998072320,18447025548686262272
25,16842752,4740813509522154848256
25,16777216,4740813509522154848256
25,18446744073709617152,18447026652509700096
25,1103823372288,4740813509517843103744
25,1103823437824,4740813509517843103744
25,281474993487872,4740813508418331475968
25,18446745177516212224,18447026648197890048
25,18447026648214667264,18447025548686262272
25,18447026652509634560,18447025548686262272
25,18446744073726328832,18447026652509634560
25,18446745173221244928,18447026648197890048
25,18446745177516146688,18447026648197890048
25,282574505181184,4740813508418331475968
25,18446744078021361664,18447026652492857344
25,18446744078004584448,18447026652492857344
25,282578800082944,4740813508418331475968
25,18447026652492857344,18447025548686262272
25,281474976710656,4740813508418331475968
25,281474993553408,4740813508418331475968
26,2147516416,9223513326246428672
26,2155905024,9223513326246428672
26,551903297536,9223513324098945024
26,140739635871744,9223512774343131136
26,140737488355328,9223512774343131136
26,141289391652864,9223512774343131136
26,8421376,9223513326254817280
26,140739644260352,9223512774343131136
26,141287244201984,9223512774343131136
26,141289400041472,9223512774343131136
26,549755813888,9223513324098945024
26,2147483648,9223513326246428672
26,551911718912,9223513324098945024
26,141287252590592,9223512774343131136
26,0,9223513326254850176
26,549764202496,9223513324098945024
26,141287252557824,9223512774343131136
26,140737488388096,9223512774343131136
26,141287244169216,9223512774343131136
26,141289400074240,9223512774343131136
26,551911686144,9223513324098945024
26,140737496776704,9223512774343131136
26,140739644227584,9223512774343131136
26,141289391685632,9223512774343131136
26,140737496743936,9223512774343131136
26,2155872256,9223513326246428672
26,32768,9223513326254850048
26,551903330304,9223513324098945024
26,549764235264,9223513324098945024
26,549755846656,9223513324098945024
26,140739635838976,9223512774343131136
26,8388608,9223513326254817280
27,275951648768,70643622084608
27,70644695826432,70368744177664
27,70644700020736,70368744177664
27,1073741824,70644695826432
27,274877906944,70643622084608
27,274882101248,70643622084608
27,70643626278912,70368744177664
27,275955843072,70643622084608
27,275955859456,70643622084608
27,0,70644700037184
27,70643622100992,70368744177664
27,274877923328,70643622084608
27,1073758208,70644695826432
27,70644695842816,70368744177664
27,4194304,70644700020736
27,70369817919488,70368744177664
27,70644700037120,70368744177664
27,70643622084608,70368744177664
27,16384,70644700037120
27,70368748388352,70368744177664
27,70368744177664,70368744177664
27,70643626295296,70368744177664
27,275951665152,70643622084608
27,70368744194048,70368744177664
27,70369822113792,70368744177664
27,70369822130176,70368744177664
27,1077936128,70644695826432
27,1077952512,70644695826432
27,274882117632,70643622084608
27,4210688,70644700020736
27,70368748371968,70368744177664
27,70369817935872,70368744177664
28,0,151708329105196566183936
28,592601653367919345664,2305843009213693952
28,2305843009213693952,2305843009213693952
28,590295810358705651712,592601653367919345664
29,0,75854164570190469136384
29,1152921504606846976,1152939096792891392
29,296300826683959672832,1152939096792891392
29,295147905179352825856,296300844276145717248
30,0,37927082285129594306560
30,148150413341979836416,576469582756184064
30,147573961385769435136,148150422138072858624
30,576469548396445696,576469548396445696
30,147573952589676412928,148150422172432596992
30,8796093022208,37927082285095234568192
30,576460752303423488,576469582756184064
30,148150422138072858624,576469548396445696
31,73786976294838206464,74075211086283407360
31,288234791378092032,288234774198222848
31,288234774198222848,288234774198222848
31,0,18963541142564864262144
31,4415226380288,18963541142547617284096
31,74075206688169787392,288234791378092032
31,4398046511104,18963541142547617284096
31,17179869184,18963541142564797153280
31,73786980692884717568,74075211069036429312
31,288230376151711744,288234791445200896
31,74075211086216298496,288234774198222848
31,288230393331580928,288234791378092032
31,73786980710064586752,74075211069036429312
31,73786976312018075648,74075211086216298496
31,74075206670989918208,288234791445200896
31,74075211069036429312,288234774198222848
32,37037605534518214656,144117387099111424
32,144117387132665856,144117387099111424
32,36893488147419103232,37037605543141834752
32,144117395689046016,144117387099111424
32,33554432,9481770571282432131072
32,2199056809984,9481770571273808642048
32,144117387099111424,144117387099111424
32,2207613190144,9481770571273808642048
32,2207646744576,9481770571273808642048
32,36893488147452657664,37037605543141703680
32,0,9481770571282432262144
32,37037603344084893696,144117395689046016
32,37037605543108149248,144117387099111424
32,36893490355032293376,37037605534518214656
32,36893490355065847808,37037605534518214656
32,36893488156042592256,37037605543108149248
32,36893490346442358784,37037605534518214656
32,144115188109410304,144117395722600448
32,36893490346475913216,37037605534518214656
32,37037605543141703680,144117387099111424
32,36893488156009037824,37037605543108149248
32,2199023255552,9481770571273808642048
32,37037603335528513536,144117395722600448
32,8589934592,9481770571282398576640
32,37037605534551769088,144117387099111424
32,144115196665790464,144117395689046016
32,37037603335494959104,144117395722731520
32,144115196699344896,144117395689046016
32,144115188075855872,144117395722731520
32,8623489024,9481770571282398576640
32,37037603344118448128,144117395689046016
32,144117395722600448,144117387099111424
33,1103806595072,4740885285636904321024
33,18446745177532989440,18518802767259107328
33,4295032832,4740885285641199288320
33,1099511627776,4740885285636904321024
33,4294967296,4740885285641199288320
33,72057598332895232,72058697844523008
33,72058697844523008,72058693549555712
33,72058697844588544,72058693549555712
33,72057594054705152,72058697861300224
33,18518801672042512384,72058697844523008
33,72058693566398464,72058693549555712
33,72058693549621248,72058693549555712
33,18518802767259172864,72058693549555712
33,18518801667764322304,72058697861300224
33,18518802767259107328,72058693549555712
33,18446745173237956608,18518802767259107328
33,18518801667747479552,72058697861366016
33,4311810048,4740885285641199288320
33,72057598349672448,72058697844523008
33,18446744078021296128,18518802771554074624
33,18446744073709551616,18518802771570917632
33,18446745173238022144,18518802767259107328
33,18518801667764256768,72058697861300224
33,1099528404992,4740885285636904321024
33,18446745173221179392,18518802767259107328
33,18518802767275884544,72058693549555712
33,1099511693312,4740885285636904321024
33,18518802771570851840,72058693549555712
33,65536,4740885285641216131072
33,18518801672059224064,72058697844523008
33,18518802771554074624,72058693549555712
33,18518801672042446848,72058697844523008
33,1103806660608,4740885285636904321024
33,18446744078004518912,18518802771554074624
33,1099528470528,4740885285636904321024
33,18518801667747545088,72058697861365760
33,0,4740885285641216131328
33,18518801672059289600,72058697844523008
33,18446744073726394368,18518802771570851840
33,4311744512,4740885285641199288320
33,72058693566332928,72058693549555712
33,72058697861365760,72058693549555712
33,18518802771570917376,72058693549555712
33,18446745177532923904,18518802767259107328
33,16842752,4740885285641216065536
33,72058697861300224,72058693549555712
33,16777216,4740885285641216065536
33,72057594054770688,72058697861300224
33,18446744073709617152,18518802771570917376
33,1103823372288,4740885285636904321024
33,72057594037927936,72058697861366016
33,72057594037993472,72058697861365760
33,72057598349737984,72058697844523008
33,1103823437824,4740885285636904321024
33,18446745177516212224,18518802767259107328
33,18446744073726328832,18518802771570851840
33,18446745173221244928,18518802767259107328
33,72058693549555712,72058693549555712
33,18446745177516146688,18518802767259107328
33,18446744078021361664,18518802771554074624
33,18518802771554140160,72058693549555712
33,18446744078004584448,18518802771554074624
33,72057598332960768,72058697844523008
33,18518802767275950080,72058693549555712
34,2147516416,9259401385777037312
34,2155905024,9259401385777037312
34,551903297536,9259401383629553664
34,8421376,9259401385785425920
34,549755813888,9259401383629553664
34,2147483648,9259401385777037312
34,551911718912,9259401383629553664
34,0,9259401385785458816
34,36028797027352576,36029348930650112
34,36029346774810624,36029346774777856
34,549764202496,9259401383629553664
34,36029348922261504,36029346774777856
34,36028799166480384,36029348922261504
34,551911686144,9259401383629553664
34,36028797027385344,36029348930650112
34,36029348930650112,36029346774777856
34,36029346783199232,36029346774777856
34,36029348922294272,36029346774777856
34,36028797018963968,36029348930683008
34,2155872256,9259401385777037312
34,36028799174868992,36029348922261504
34,32768,9259401385785458688
34,36029346774777856,36029346774777856
34,36029346783166464,36029346774777856
34,551903330304,9259401383629553664
34,549764235264,9259401383629553664
34,36028799174836224,36029348922261504
34,36028797018996736,36029348930682880
34,549755846656,9259401383629553664
34,36028799166447616,36029348922261504
34,36029348930682880,36029346774777856
34,8388608,9259401385785425920
35,275951648768,18014673387388928
35,1073741824,18014674461130752
35,274877906944,18014673387388928
35,274882101248,18014673387388928
35,275955843072,18014673387388928
35,275955859456,18014673387388928
35,0,18014674465341504
35,274877923328,18014673387388928
35,1073758208,18014674461130752
35,4194304,18014674465325056
35,16384,18014674465341440
35,275951665152,18014673387388928
35,1077936128,18014674461130752
35,1077952512,18014674461130752
35,274882117632,18014673387388928
35,4210688,18014674465325056
36,137975832576,137438953472
36,536870912,137975824384
36,137438961664,137438953472
36,0,137977929760
36,538968064,137975824384
36,8192,137977929728
36,137975824384,137438953472
36,137977921536,137438953472
36,137438953472,137438953472
36,536879104,137975824384
36,137441050624,137438953472
36,2097152,137977921536
36,2105344,137977921536
36,538976256,137975824384
36,137441058816,137438953472
36,137977929728,137438953472
37,0,75854169056197910462464
37,295152408778980196352,4503599627370496
37,4503599627370496,4503599627370496
37,1152921504606846976,1157425104234217472
37,296305330283587043328,4503599627370496
37,1157425104234217472,4503599627370496
37,295147905179352825856,296305330283587043328
37,296300826683959672832,1157425104234217472
38,0,37927084528133314969600
38,148150413341979836416,578712586476847104
38,2251799813685248,2251834173423616
38,148152665141793521664,2251834173423616
38,147573952589676412928,148152665176153260032
38,576460752303423488,578712586476847104
38,578712552117108736,2251834173423616
38,147576204389490098176,2251834173423616
39,73788102194745049088,1125917153820672
39,74076332570896760832,1125917153820672
39,73786976294838206464,74076332588143738880
39,0,18963542264066724593664
39,74075206688169787392,289356293238423552
39,74076332588076630016,1125917086711808
39,17179869184,18963542264066657484800
39,288230376151711744,289356293305532416
39,289356293238423552,1125917086711808
39,1125917086711808,1125917086711808
39,288230393331580928,289356293238423552
39,1125899906842624,1125917153820672
39,289356276058554368,1125917153820672
39,74075206670989918208,289356293305532416
39,73786976312018075648,74076332588076630016
39,73788102211924918272,1125917086711808
40,562958576910336,562958543355904
40,36894051097406078976,562958576910336
40,36893488147419103232,37038166294072000512
40,33554432,9481771132033362296832
40,36894051097372524544,562958577041408
40,37038166294038315008,562958543355904
40,37038166285481934848,562958576910336
40,36894051105962459136,562958543355904
40,36893488147452657664,37038166294071869440
40,36894051105996013568,562958543355904
40,0,9481771132033362427904
40,37037603344084893696,144678146619211776
40,144678146652766208,562958543355904
40,562949953421312,562958577041408
40,36893488156042592256,37038166294038315008
40,144115188109410304,144678146652766208
40,144678146619211776,562958543355904
40,37038166285448380416,562958577041408
40,36893488156009037824,37038166294038315008
40,144678138062831616,562958576910336
40,37037603335528513536,144678146652766208
40,8589934592,9481771132033328742400
40,144115196665790464,144678146619211776
40,144678138029277184,562958577041408
40,37038166294071869440,562958543355904
40,562958543355904,562958543355904
40,37037603335494959104,144678146652897280
40,144115196699344896,144678146619211776
40,562949986975744,562958576910336
40,8623489024,9481771132033328742400
40,144115188075855872,144678146652897280
40,37037603344118448128,144678146619211776
41,18519083142724255744,281479288520704
41,281474976776192,281479288520704
41,18519083147036000256,281479271677952
41,4295032832,4740885566016664371200
41,4294967296,4740885566016664371200
41,72057598332895232,72339073309605888
41,72057594054705152,72339073326383104
41,72339073326448640,281479271677952
41,18518801672042512384,72339073309605888
41,18447025552981295104,281479271677952
41,18447025552981229568,281479271677952
41,18447025548703039488,281479288455168
41,18518801667764322304,72339073326383104
41,72339069014638592,281479288520960
41,72339069014704128,281479288520704
41,18447025548686327808,281479288520704
41,18519083147035934720,281479271677952
41,281479288520704,281479271677952
41,18518801667747479552,72339073326448896
41,18447025548686262272,281479288520960
41,4311810048,4740885566016664371200
41,72057598349672448,72339073309605888
41,18446744078021296128,18519083147019157504
41,72339069031481344,281479288455168
41,18446744073709551616,18519083147036000512
41,18518801667764256768,72339073326383104
41,18447025552998006784,281479271677952
41,65536,4740885566016681213952
41,18518801672059224064,72339073309605888
41,18519083142740967424,281479288455168
41,281479271677952,281479271677952
41,18518801672042446848,72339073309605888
41,281479288455168,281479271677952
41,18446744078004518912,18519083147019157504
41,18518801667747545088,72339073326448640
41,0,4740885566016681214208
41,281479271743488,281479271677952
41,18518801672059289600,72339073309605888
41,18519083147019157504,281479271677952
41,18519083147019223040,281479271677952
41,18446744073726394368,18519083147035934720
41,4311744512,4740885566016664371200
41,72339069031415808,281479288455168
41,18519083142724190208,281479288520960
41,18447025548703105024,281479288455168
41,18447025552998072320,281479271677952
41,16842752,4740885566016681148416
41,72339073309605888,281479271677952
41,18519083142741032960,281479288455168
41,16777216,4740885566016681148416
41,72057594054770688,72339073326383104
41,72339073309671424,281479271677952
41,18446744073709617152,18519083147036000256
41,72057594037927936,72339073326448896
41,72057594037993472,72339073326448640
41,72057598349737984,72339073309605888
41,281474993487872,281479288455168
41,72339073326383104,281479271677952
41,18446744073726328832,18519083147035934720
41,18446744078021361664,18519083147019157504
41,18446744078004584448,18519083147019157504
41,281474976710656,281479288520960
41,72057598332960768,72339073309605888
41,281474993553408,281479288455168
42,2147516416,9259541573509578752
42,2155905024,9259541573509578752
42,140739635871744,140739635838976
42,140737488355328,140739644260480
42,8421376,9259541573517967360
42,140739644260352,140739635838976
42,36169536663191552,140739635838976
42,2147483648,9259541573509578752
42,0,9259541573518000256
42,36028797027352576,36169536663191552
42,36169534515707904,140739644227584
42,140737488388096,140739644260352
42,36028799166480384,36169536654802944
42,36169536663224320,140739635838976
42,36169536654835712,140739635838976
42,140737496776704,140739644227584
42,36028797027385344,36169536663191552
42,36169534507319296,140739644260480
42,36169534507352064,140739644260352
42,140739644227584,140739635838976
42,36169536654802944,140739635838976
42,140737496743936,140739644227584
42,36028797018963968,36169536663224448
42,2155872256,9259541573509578752
42,36028799174868992,36169536654802944
42,32768,9259541573518000128
42,36028799174836224,36169536654802944
42,36169534515740672,140739644227584
42,36028797018996736,36169536663224320
42,36028799166447616,36169536654802944
42,140739635838976,140739635838976
42,8388608,9259541573517967360
43,1073741824,18084768327401472
43,0,18084768331612224
43,1073758208,18084768327401472
43,4194304,18084768331595776
43,70369817919488,70369817919488
43,16384,18084768331612160
43,70368748388352,70369822113792
43,70368744177664,70369822130240
43,70368744194048,70369822130176
43,70369822113792,70369817919488
43,70369822130176,70369817919488
43,1077936128,18084768327401472
43,1077952512,18084768327401472
43,70368748371968,70369822113792
43,4210688,18084768331595776
43,70369817935872,70369817919488
44,0,35184911065120
44,538968064,35184908959744
44,2105344,35184911056896
44,8192,35184911065088
44,536870912,35184908959744
44,536879104,35184908959744
44,538976256,35184908959744
44,2097152,35184911056896
45,0,269488144
45,268435456,268435456
45,1048576,269484032
45,269484032,268435456
45,1052672,269484032
45,269488128,268435456
45,4096,269488128
45,268439552,268435456
46,147576213185583120384,8796093022208
46,147573961385769435136,8796093022208
46,0,37927084536895048253440
46,576469548396445696,8796093022208
46,578712552117108736,2260595906707456
46,148150422138072858624,8796093022208
46,147576204389490098176,2260595906707456
46,148150413341979836416,578721348210130944
46,148152673937886543872,8796093022208
46,148152665141793521664,2260595906707456
46,147573952589676412928,148152673937886543872
46,8796093022208,8796093022208
46,2251799813685248,2260595906707456
46,2260595906707456,8796093022208
46,578721348210130944,8796093022208
46,576460752303423488,578721348210130944
47,73788102194745049088,1130298020462592
47,74076332570896760832,1130298020462592
47,73786976294838206464,74076336969010380800
47,288234774198222848,4398113619968
47,0,18963542268447591235584
47,74076336968943271936,4398113619968
47,4398046511104,4398113619968
47,73786980692884717568,4398113619968
47,288230376151711744,289360674172174336
47,73788106592791560192,4398113619968
47,1125899906842624,1130298020462592
47,289356276058554368,1130298020462592
47,1130297953353728,4398113619968
47,289360674105065472,4398113619968
47,74075206670989918208,289360674172174336
47,74075211069036429312,4398113619968
48,37037605534518214656,2199056941056
48,144117387132665856,2199056809984
48,36893488147419103232,37038168484505321472
48,36894051097406078976,565149010231296
48,33554432,9481771134223795617792
48,36894051097372524544,565149010362368
48,2199056809984,2199056809984
48,565149010231296,2199056809984
48,144117387099111424,2199056941056
48,36894053296429334528,2199056809984
48,37038166285481934848,565149010231296
48,37038168484471635968,2199056941056
48,36893488147452657664,37038168484505190400
48,36894053296395780096,2199056941056
48,0,9481771134223795748864
48,565148976676864,2199056941056
48,562949953421312,565149010362368
48,144680337052532736,2199056941056
48,36893490346442358784,2199056941056
48,36893490346475913216,2199056809984
48,144115188109410304,144680337086087168
48,37038166285448380416,565149010362368
48,2199023255552,2199056941056
48,144680337086087168,2199056809984
48,144678138062831616,565149010231296
48,37037603335528513536,144680337086087168
48,37037605534551769088,2199056809984
48,144678138029277184,565149010362368
48,37037603335494959104,144680337086218240
48,562949986975744,565149010231296
48,144115188075855872,144680337086218240
48,37038168484505190400,2199056809984
49,18519083142724255744,282574505181184
49,281474976776192,282574505181184
49,282574488403968,1099528470528
49,1099511627776,1099528470784
49,72057594054705152,72340168543043584
49,18447026648197890048,1099528470784
49,18447026648214732800,1099528404992
49,72058693566398464,1099528404992
49,72058693549621248,1099528470528
49,18518802767259172864,1099528470528
49,18447025548703039488,282574505115648
49,18518801667764322304,72340168543043584
49,72339069014638592,282574505181440
49,18518802767259107328,1099528470784
49,72339069014704128,282574505181184
49,18447025548686327808,282574505181184
49,18446745173237956608,1099528404992
49,18519084242252660736,1099528404992
49,18519084242252595200,1099528404992
49,18518801667747479552,72340168543109376
49,18447025548686262272,282574505181440
49,72339069031481344,282574505115648
49,18446744073709551616,18519084242252660992
49,18519084242235817984,1099528470784
49,18446745173238022144,1099528404992
49,18518801667764256768,72340168543043584
49,1099528404992,1099528404992
49,282574505115648,1099528404992
49,18446745173221179392,1099528470784
49,18518802767275884544,1099528404992
49,1099511693312,1099528470528
49,65536,4740885567111897874432
49,18519083142740967424,282574505115648
49,1099528470528,1099528404992
49,18518801667747545088,72340168543109120
49,72340168526266368,1099528470784
49,0,4740885567111897874688
49,18446744073726394368,18519084242252595200
49,72058693566332928,1099528404992
49,72339069031415808,282574505115648
49,18447026648197955584,1099528470528
49,18519083142724190208,282574505181440
49,282574488338432,1099528470784
49,18447025548703105024,282574505115648
49,72340168543109120,1099528404992
49,16842752,4740885567111897808896
49,18519084242235883520,1099528470528
49,72340168543043584,1099528404992
49,18519083142741032960,282574505115648
49,72340168526331904,1099528470528
49,16777216,4740885567111897808896
49,72057594054770688,72340168543043584
49,18446744073709617152,18519084242252660736
49,72057594037927936,72340168543109376
49,72057594037993472,72340168543109120
49,281474993487872,282574505115648
49,18447026648214667264,1099528404992
49,18446744073726328832,18519084242252595200
49,18446745173221244928,1099528470528
49,72058693549555712,1099528470784
49,282574505181184,1099528404992
49,281474976710656,282574505181440
49,18518802767275950080,1099528404992
49,281474993553408,282574505115648
50,140737488355328,141287252590720
50,8421376,9259542121126297600
50,36170084263133184,549764235392
50,141287244201984,549764235264
50,549755813888,549764235392
50,141287252590592,549764202496
50,0,9259542121126330496
50,36028797027352576,36170084271521792
50,36029346774810624,549764235264
50,549764202496,549764202496
50,141287252557824,549764202496
50,36169534515707904,141287252557824
50,140737488388096,141287252590592
50,141287244169216,549764235392
50,36170084263165952,549764235264
50,140737496776704,141287252557824
50,36028797027385344,36170084271521792
50,36169534507319296,141287252590720
50,36169534507352064,141287252590592
50,36029346783199232,549764202496
50,36170084271554560,549764202496
50,140737496743936,141287252557824
50,36028797018963968,36170084271554688
50,32768,9259542121126330368
50,36029346774777856,549764235392
50,36029346783166464,549764202496
50,549764235264,549764202496
50,36169534515740672,141287252557824
50,36028797018996736,36170084271554560
50,36170084271521792,549764202496
50,549755846656,549764235264
50,8388608,9259542121126297600
51,274877906944,274882117696
51,274882101248,274882101248
51,70643626278912,274882101248
51,70643622100992,274882117632
51,0,18085042135777344
51,274877923328,274882117632
51,4194304,18085042135760896
51,70643622084608,274882117696
51,16384,18085042135777280
51,70368748388352,70643626278912
51,70368744177664,70643626295360
51,70643626295296,274882101248
51,70368744194048,70643626295296
51,274882117632,274882101248
51,70368748371968,70643626278912
51,4210688,18085042135760896
52,0,35321813147680
52,2105344,35321813139456
52,8192,35321813147648
52,137438953472,137441058848
52,137438961664,137441058816
52,137441058816,137441050624
52,137441050624,137441050624
52,2097152,35321813139456
53,0,68720529424
53,1048576,68720525312
53,1052672,68720525312
53,4096,68720529408
54,0,526344
54,2048,526336
54,526336,524288
54,524288,524288
55,74075206670989918208,289360691284934656
55,73788102194745049088,1130315133222912
55,74075211069036429312,4415226380288
55,74076332570896760832,1130315133222912
55,73786976294838206464,74076336986123141120
55,288234791378092032,17179869184
55,74076336986123141120,17179869184
55,288234774198222848,4415226380288
55,73788106609971429376,17179869184
55,0,18963542268464703995904
55,4415226380288,17179869184
55,74076336968943271936,4415226380288
55,74075206688169787392,17179869184
55,4398046511104,4415226380288
55,289360691284934656,17179869184
55,74076332588076630016,17179869184
55,17179869184,17179869184
55,73786980692884717568,4415226380288
55,288230376151711744,289360691284934656
55,1130315133222912,17179869184
55,73788106592791560192,4415226380288
55,289356293238423552,17179869184
55,74075211086216298496,17179869184
55,1125917086711808,17179869184
55,288230393331580928,17179869184
55,1125899906842624,1130315133222912
55,289356276058554368,1130315133222912
55,1130297953353728,4415226380288
55,289360674105065472,4415226380288
55,73786976312018075648,17179869184
55,73786980710064586752,17179869184
55,73788102211924918272,17179869184
56,37037605534518214656,2207613321216
56,37038168484471635968,2207613321216
56,36893488147419103232,37038168493061701632
56,144117395689046016,8590065664
56,36894051097372524544,565157566742528
56,144117387099111424,2207613321216
56,37038166294038315008,8590065664
56,2207613190144,8590065664
56,36894051105962459136,8590065664
56,144680345642467328,8590065664
56,36894053296395780096,2207613321216
56,0,9481771134232352129024
56,37037603344084893696,8590065664
56,37037605543108149248,8590065664
56,36893490355032293376,8590065664
56,37038168493061570560,8590065664
56,565157566611456,8590065664
56,565148976676864,2207613321216
56,562949953421312,565157566742528
56,144680337052532736,2207613321216
56,36893490346442358784,2207613321216
56,36894053304985714688,8590065664
56,144678146619211776,8590065664
56,37038166285448380416,565157566742528
56,36893488156009037824,8590065664
56,2199023255552,2207613321216
56,8589934592,8590065664
56,144115196665790464,8590065664
56,144678138029277184,565157566742528
56,562958543355904,8590065664
56,37037603335494959104,144680345642598400
56,144115188075855872,144680345642598400
57,18519083142724255744,282578783371264
57,1103806595072,4295033088
57,281474976776192,282578783371264
57,282574488403968,1103806660608
57,282578783305728,4295033088
57,4295032832,4295032832
57,1099511627776,1103806660864
57,4294967296,4295033088
57,72057598332895232,4295033088
57,72058697844523008,4295033088
57,72058697844588544,4295032832
57,18447026648197890048,1103806660864
57,18518801672042512384,4295032832
57,18447025552981295104,4295032832
57,18447025552981229568,4295033088
57,72058693549621248,1103806660608
57,18518802767259172864,1103806660608
57,282578783371264,4295032832
57,72339069014638592,282578783371520
57,18518802767259107328,1103806660864
57,72339069014704128,282578783371264
57,18447025548686327808,282578783371264
57,18447026652492922880,4295032832
57,18518801667747479552,72340172821299456
57,18447025548686262272,282578783371520
57,18519084242235817984,1103806660864
57,18446744073709551616,18519084246530851072
57,18446745173221179392,1103806660864
57,1099511693312,1103806660608
57,65536,4740885567116176064512
57,18518802771554074624,4295033088
57,281479271677952,4295033088
57,18518801672042446848,4295033088
57,1103806660608,4295032832
57,72340172821233664,4295033088
57,18446744078004518912,4295033088
57,18518801667747545088,72340172821299200
57,18519084246530785280,4295033088
57,72340168526266368,1103806660864
57,0,4740885567116176064768
57,281479271743488,4295032832
57,18519083147019157504,4295033088
57,18519083147019223040,4295032832
57,18447026648197955584,1103806660608
57,18519083142724190208,282578783371520
57,282574488338432,1103806660864
57,18519084242235883520,1103806660608
57,72339073309605888,4295033088
57,72340168526331904,1103806660608
57,72340172821299200,4295032832
57,72339073309671424,4295032832
57,18446744073709617152,18519084246530850816
57,72057594037927936,72340172821299456
57,72057594037993472,72340172821299200
57,18446745177516212224,4295032832
57,18446745173221244928,1103806660608
57,72058693549555712,1103806660864
57,18446745177516146688,4295033088
57,18518802771554140160,4295032832
57,18446744078004584448,4295032832
57,18519084246530850816,4295032832
57,18447026652492857344,4295033088
57,281474976710656,282578783371520
57,72057598332960768,4295032832
58,2147516416,2147516416
58,551903297536,2147516544
58,140739635871744,2147516416
58,140737488355328,141289391685760
58,141289391652864,2147516544
58,36170086410616832,2147516544
58,36170084263133184,551903330432
58,141287244201984,551903330304
58,549755813888,551903330432
58,2147483648,2147516544
58,0,9259542123265425536
58,36029346774810624,551903330304
58,36029348922261504,2147516544
58,140737488388096,141289391685632
58,141287244169216,551903330432
58,36028799166480384,2147516416
58,36170084263165952,551903330304
58,36169536654835712,2147516416
58,36169534507319296,141289391685760
58,36169534507352064,141289391685632
58,36169536654802944,2147516544
58,36029348922294272,2147516416
58,141289391685632,2147516416
58,36170086410649600,2147516416
58,36028797018963968,36170086410649728
58,32768,9259542123265425408
58,36029346774777856,551903330432
58,551903330304,2147516416
58,36028797018996736,36170086410649600
58,549755846656,551903330304
58,36028799166447616,2147516544
58,140739635838976,2147516544
59,275951648768,1073758272
59,70644695826432,1073758272
59,1073741824,1073758272
59,274877906944,275951665216
59,70643622100992,275951665152
59,0,18085043205324864
59,274877923328,275951665152
59,1073758208,1073758208
59,70644695842816,1073758208
59,70369817919488,1073758272
59,70643622084608,275951665216
59,16384,18085043205324800
59,70368744177664,70644695842880
59,275951665152,1073758208
59,70368744194048,70644695842816
59,70369817935872,1073758208
60,0,35322347921440
60,137975824384,536879136
60,137975832576,536879104
60,8192,35322347921408
60,536870912,536879136
60,137438953472,137975832608
60,536879104,536879104
60,137438961664,137975832576
61,0,68987916304
61,268435456,268439568
61,4096,68987916288
61,268439552,268439552
62,0,134219784
62,2048,134219776
63,0,1028
63,1024,1024
64,562958576910336,33554432
64,37037605534518214656,2207646744576
64,36894053305019269120,33554432
64,2207613190144,8623489024
64,144680345642467328,8623489024
64,144678146652766208,33554432
64,565157566611456,8623489024
64,36893490355065847808,33554432
64,144680337052532736,2207646744576
64,36893488156009037824,8623489024
64,2199023255552,2207646744576
64,37037603335528513536,33554432
64,8589934592,8623489024
64,144115196699344896,33554432
64,8623489024,33554432
64,144117387132665856,33554432
64,36894051097406078976,33554432
64,144117395689046016,8623489024
64,36894053296429334528,33554432
64,36894051105962459136,8623489024
64,36893488147452657664,33554432
64,36893490355032293376,8623489024
64,565148976676864,2207646744576
64,562949953421312,565157600165888
64,36893488156042592256,33554432
64,36893490346475913216,33554432
64,37038166285448380416,565157600165888
64,144680337086087168,33554432
64,144678138029277184,565157600165888
64,37038166294071869440,33554432
64,37037603335494959104,144680345676021760
64,37037603344118448128,33554432
64,562949986975744,33554432
64,144117395722600448,33554432
64,33554432,33554432
64,36894051097372524544,565157600165888
64,37038166294038315008,8623489024
64,37038166285481934848,33554432
64,2207646744576,33554432
64,36894053296395780096,2207646744576
64,0,9481771134232385552384
64,37037603344084893696,8623489024
64,37038168493061570560,8623489024
64,36894053304985714688,8623489024
64,36893490346442358784,2207646744576
64,144115188109410304,33554432
64,144680345676021760,33554432
64,144678138062831616,33554432
64,37037605534551769088,33554432
64,37038168493095124992,33554432
64,37038168484471635968,2207646744576
64,36893488147419103232,37038168493095124992
64,2199056809984,33554432
64,565149010231296,33554432
64,144117387099111424,2207646744576
64,36894051105996013568,33554432
64,37037605543108149248,8623489024
64,565157600165888,33554432
64,144678146619211776,8623489024
64,37037605543141703680,33554432
64,144115196665790464,8623489024
64,562958543355904,8623489024
64,144115188075855872,144680345676021760
64,37038168484505190400,33554432
65,1103806595072,4311744768
65,282578783305728,4311744768
65,1099511627776,1103823372544
65,4294967296,4311744768
65,72057598332895232,4311744768
65,72058697844523008,4311744768
65,72057594054705152,16777472
65,18447026648197890048,1103823372544
65,18447025552981229568,4311744768
65,18447025548703039488,16777472
65,72339069014638592,282578800083200
65,18518802767259107328,1103823372544
65,18446745173237956608,16777472
65,18519084246547562496,16777472
65,18519084242252595200,16777472
65,18519083147035934720,16777472
65,18518801667747479552,72340172838011136
65,18447025548686262272,282578800083200
65,72057598349672448,16777472
65,18446744078021296128,16777472
65,18519084242235817984,1103823372544
65,18446744073709551616,18519084246547562752
65,18518801667764256768,16777472
65,1099528404992,16777472
65,282574505115648,16777472
65,18446745173221179392,1103823372544
65,18518802767275884544,16777472
65,18447025552998006784,16777472
65,18518802771570851840,16777472
65,18518801672059224064,16777472
65,18518802771554074624,4311744768
65,18519083142740967424,16777472
65,281479271677952,4311744768
65,18518801672042446848,4311744768
65,281479288455168,16777472
65,72340172821233664,4311744768
65,18446744078004518912,4311744768
65,18519084246530785280,4311744768
65,72340168526266368,1103823372544
65,0,4740885567116192776448
65,18519083147019157504,4311744768
65,4311744512,16777472
65,72058693566332928,16777472
65,72339069031415808,16777472
65,18519083142724190208,282578800083200
65,18446745177532923904,16777472
65,282574488338432,1103823372544
65,72340168543043584,16777472
65,72339073309605888,4311744768
65,72058697861300224,16777472
65,16777216,16777472
65,1103823372288,16777472
65,72057594037927936,72340172838011136
65,281474993487872,16777472
65,18447026648214667264,16777472
65,72340172838010880,16777472
65,18447026652509634560,16777472
65,72339073326383104,16777472
65,18446744073726328832,16777472
65,72058693549555712,1103823372544
65,18446745177516146688,4311744768
65,282578800082944,16777472
65,18447026652492857344,4311744768
65,281474976710656,282578800083200
66,551903297536,2155872384
66,36170086410616832,2155872384
66,140737488355328,141289400041600
66,141289391652864,2155872384
66,141289400041472,8388736
66,36169536663191552,8388736
66,36170084263133184,551911686272
66,549755813888,551911686272
66,2147483648,2155872384
66,0,9259542123273781376
66,36028797027352576,8388736
66,36029348922261504,2155872384
66,549764202496,8388736
66,141287252557824,8388736
66,36170086419005440,8388736
66,36169534515707904,8388736
66,141287244169216,551911686272
66,551911686144,8388736
66,36169534507319296,141289400041600
66,36029348930650112,8388736
66,140739644227584,8388736
66,36169536654802944,2155872384
66,140737496743936,8388736
66,36028797018963968,36170086419005568
66,2155872256,8388736
66,36029346774777856,551911686272
66,36029346783166464,8388736
66,36028799174836224,8388736
66,36170084271521792,8388736
66,36028799166447616,2155872384
66,140739635838976,2155872384
66,8388608,8388736
67,275951648768,1077936192
67,70644695826432,1077936192
67,70644700020736,4194368
67,1073741824,1077936192
67,274877906944,275955843136
67,274882101248,4194368
67,70643626278912,4194368
67,275955843072,4194368
67,0,18085043209502784
67,70369817919488,1077936192
67,4194304,4194368
67,70643622084608,275955843136
67,70368744177664,70644700020800
67,70369822113792,4194368
67,1077936128,4194368
67,70368748371968,4194368
68,0,35322350010400
68,538968064,2097184
68,137975824384,538968096
68,137977921536,2097184
68,536870912,538968096
68,137438953472,137977921568
68,137441050624,2097184
68,2097152,2097184
69,0,68988960784
69,268435456,269484048
69,1048576,1048592
69,269484032,1048592
70,0,134742024
70,524288,524296
71,5,0
71,56,0
71,35,0
71,55,0
71,110,0
71,114,0
71,123,0
71,60,0
71,30,0
71,32,0
71,6,0
71,67,0
71,45,0
71,117,0
71,73,0
71,115,0
71,112,0
71,64,0
71,90,0
71,4,0
71,13,0
71,54,0
71,63,0
71,86,0
71,104,0
71,91,0
71,62,0
71,122,0
71,58,0
71,52,0
71,12,0
71,28,0
71,75,0
71,23,0
71,111,0
71,92,0
71,41,0
71,43,0
71,11,0
71,36,0
71,68,0
71,69,0
71,98,0
71,82,0
71,85,0
71,118,0
71,119,0
71,125,0
71,39,0
71,84,0
71,77,0
71,7,0
71,25,0
71,95,0
71,126,0
71,108,0
71,71,0
71,66,0
71,76,0
71,103,0
71,34,0
71,50,0
71,59,0
71,93,0
71,2,0
71,10,0
71,18,0
71,26,0
71,27,0
71,124,0
71,42,0
71,87,0
71,127,0
71,116,0
71,100,0
71,79,0
71,16,0
71,20,0
71,81,0
71,19,0
71,0,262148
71,49,0
71,44,0
71,9,0
71,31,0
71,74,0
71,106,0
71,109,0
71,61,0
71,29,0
71,94,0
71,107,0
71,46,0
71,57,0
71,102,0
71,70,0
71,21,0
71,38,0
71,88,0
71,120,0
71,101,0
71,78,0
71,105,0
71,72,0
71,24,0
71,8,0
71,17,0
71,37,0
71,1,0
71,53,0
71,22,0
71,47,0
71,83,0
71,99,0
71,121,0
71,89,0
71,14,0
71,3,0
71,80,0
71,96,0
71,51,0
71,33,0
71,40,0
71,48,0
71,113,0
71,15,0
71,65,0
71,97,0
72,5,0
72,56,0
72,35,0
72,55,0
72,110,0
72,114,0
72,123,0
72,60,0
72,30,0
72,32,0
72,6,0
72,67,0
72,45,0
72,117,0
72,73,0
72,115,0
72,112,0
72,64,0
72,90,0
72,4,0
72,13,0
72,54,0
72,63,0
72,86,0
72,104,0
72,91,0
72,62,0
72,122,0
72,58,0
72,52,0
72,12,0
72,28,0
72,75,0
72,23,0
72,111,0
72,92,0
72,41,0
72,43,0
72,11,0
72,36,0
72,68,0
72,69,0
72,98,0
72,82,0
72,85,0
72,118,0
72,119,0
72,125,0
72,39,0
72,84,0
72,77,0
72,7,0
72,25,0
72,95,0
72,126,0
72,108,0
72,71,0
72,66,0
72,76,0
72,103,0
72,34,0
72,50,0
72,59,0
72,93,0
72,2,0
72,10,0
72,18,0
72,26,0
72,27,0
72,124,0
72,42,0
72,87,0
72,127,0
72,116,0
72,100,0
72,79,0
72,16,0
72,20,0
72,81,0
72,19,0
72,0,2
72,49,0
72,44,0
72,9,0
72,31,0
72,74,0
72,106,0
72,109,0
72,61,0
72,29,0
72,94,0
72,107,0
72,46,0
72,57,0
72,102,0
72,70,0
72,21,0
72,38,0
72,88,0
72,120,0
72,101,0
72,78,0
72,105,0
72,72,0
72,24,0
72,8,0
72,17,0
72,37,0
72,1,0
72,53,0
72,22,0
72,47,0
72,83,0
72,99,0
72,121,0
72,89,0
72,14,0
72,3,0
72,80,0
72,96,0
72,51,0
72,33,0
72,40,0
72,48,0
72,113,0
72,15,0
72,65,0
72,97,0
73,18519083142724255744,65536
73,18447026652509700096,65536
73,1103806595072,4311810048
73,281474976776192,65536
73,282574488403968,65536
73,282578783305728,4311810048
73,18519083147036000256,65536
73,18446745177532989440,65536
73,4295032832,65536
73,1099511627776,1103823437824
73,4294967296,4311810048
73,72057598332895232,4311810048
73,72058697844523008,4311810048
73,72058697844588544,65536
73,72057594054705152,16842752
73,18447026648197890048,1103823437824
73,72339073326448640,65536
73,72340172838076416,65536
73,18447026648214732800,65536
73,18518801672042512384,65536
73,72058693566398464,65536
73,18447025552981295104,65536
73,18447025552981229568,4311810048
73,72058693549621248,65536
73,18518802767259172864,65536
73,282578783371264,65536
73,18447025548703039488,16842752
73,18518801667764322304,65536
73,72339069014638592,282578800148480
73,18518802767259107328,1103823437824
73,72339069014704128,65536
73,18447025548686327808,65536
73,18446745173237956608,16842752
73,18447026652492922880,65536
73,18519084242252660736,65536
73,18519084246547562496,16842752
73,18519084242252595200,16842752
73,18519083147035934720,16842752
73,281479288520704,65536
73,18518801667747479552,72340172838076416
73,18447025548686262272,282578800148480
73,4311810048,65536
73,72057598349672448,16842752
73,18446744078021296128,16842752
73,72339069031481344,65536
73,18446744073709551616,18519084246547628032
73,18519084242235817984,1103823437824
73,18446745173238022144,65536
73,18518801667764256768,16842752
73,1099528404992,16842752
73,282574505115648,16842752
73,18446745173221179392,1103823437824
73,18518802767275884544,16842752
73,18447025552998006784,16842752
73,1099511693312,65536
73,282578800148480,65536
73,18518802771570851840,16842752
73,65536,65536
73,18518801672059224064,16842752
73,18518802771554074624,4311810048
73,18519083142740967424,16842752
73,281479271677952,4311810048
73,18518801672042446848,4311810048
73,281479288455168,16842752
73,1103806660608,65536
73,72340172821233664,4311810048
73,18446744078004518912,4311810048
73,1099528470528,65536
73,18518801667747545088,65536
73,18519084246530785280,4311810048
73,72340168526266368,1103823437824
73,0,4740885567116192841728
73,281479271743488,65536
73,18518801672059289600,65536
73,18519083147019157504,4311810048
73,18519083147019223040,65536
73,18446744073726394368,65536
73,4311744512,16842752
73,72058693566332928,16842752
73,72058697861365760,65536
73,72339069031415808,16842752
73,18447026648197955584,65536
73,18518802771570917376,65536
73,18519083142724190208,282578800148480
73,18446745177532923904,16842752
73,282574488338432,1103823437824
73,18447025548703105024,65536
73,72340168543109120,65536
73,18447025552998072320,65536
73,16842752,65536
73,18519084242235883520,65536
73,72340168543043584,16842752
73,72339073309605888,4311810048
73,72340168526331904,65536
73,18519083142741032960,65536
73,72058697861300224,16842752
73,72340172821299200,65536
73,16777216,16842752
73,72057594054770688,65536
73,72339073309671424,65536
73,18446744073709617152,65536
73,1103823372288,16842752
73,72057594037927936,72340172838076416
73,72057594037993472,65536
73,72057598349737984,65536
73,1103823437824,65536
73,281474993487872,16842752
73,18446745177516212224,65536
73,18447026648214667264,16842752
73,72340172838010880,16842752
73,18447026652509634560,16842752
73,72339073326383104,16842752
73,18446744073726328832,16842752
73,18446745173221244928,65536
73,18519084246547628032,65536
73,72058693549555712,1103823437824
73,18446745177516146688,4311810048
73,282574505181184,65536
73,18446744078021361664,65536
73,18518802771554140160,65536
73,18446744078004584448,65536
73,282578800082944,16842752
73,18519084246530850816,65536
73,18447026652492857344,4311810048
73,281474976710656,282578800148480
73,72057598332960768,65536
73,18518802767275950080,65536
73,281474993553408,65536
74,141289391652864,2155905024
74,141289400041472,8421376
74,2147483648,2155905024
74,36029346774810624,32768
74,141287252557824,8421376
74,36170086419005440,8421376
74,36169536663224320,32768
74,36029348930650112,8421376
74,36169536654802944,2155905024
74,36029346783199232,32768
74,36029348922294272,32768
74,141289391685632,32768
74,140737496743936,8421376
74,36028797018963968,36170086419038208
74,549755846656,32768
74,140739635838976,2155905024
74,140739635871744,32768
74,36170086410616832,2155905024
74,140737488355328,141289400074240
74,140739644260352,32768
74,36169536663191552,8421376
74,36170084263133184,551911718912
74,141287252590592,32768
74,36169536654835712,32768
74,36028797027385344,32768
74,36169534507352064,32768
74,2155872256,8421376
74,36029346774777856,551911718912
74,36169534515740672,32768
74,36170084271521792,8421376
74,36170086419038208,32768
74,36028799166447616,2155905024
74,2147516416,32768
74,551903297536,2155905024
74,8421376,32768
74,141287244201984,32768
74,549755813888,551911718912
74,551911718912,32768
74,0,9259542123273814016
74,36028797027352576,8421376
74,36029348922261504,2155905024
74,549764202496,8421376
74,36169534515707904,8421376
74,36028799166480384,32768
74,551911686144,8421376
74,140737496776704,32768
74,32768,32768
74,36028799174836224,8421376
74,36029348930682880,32768
74,8388608,8421376
74,2155905024,32768
74,140737488388096,32768
74,141287244169216,551911718912
74,36170084263165952,32768
74,141289400074240,32768
74,36169534507319296,141289400074240
74,140739644227584,8421376
74,36170084271554560,32768
74,36170086410649600,32768
74,36028799174868992,32768
74,36029346783166464,8421376
74,551903330304,32768
74,549764235264,32768
74,36028797018996736,32768
75,275951648768,1077952512
75,70644695826432,1077952512
75,70644700020736,4210688
75,1073741824,1077952512
75,274877906944,275955859456
75,274882101248,4210688
75,70643626278912,4210688
75,275955843072,4210688
75,275955859456,16384
75,0,18085043209519104
75,70643622100992,16384
75,274877923328,16384
75,1073758208,16384
75,70644695842816,16384
75,4194304,4210688
75,70369817919488,1077952512
75,70644700037120,16384
75,70643622084608,275955859456
75,16384,16384
75,70368748388352,16384
75,70368744177664,70644700037120
75,70643626295296,16384
75,275951665152,16384
75,70368744194048,16384
75,70369822113792,4210688
75,70369822130176,16384
75,1077936128,4210688
75,1077952512,16384
75,274882117632,16384
75,4210688,16384
75,70368748371968,4210688
75,70369817935872,16384
76,137975832576,8192
76,536870912,538976256
76,137438961664,8192
76,0,35322350018560
76,538968064,2105344
76,8192,8192
76,137975824384,538976256
76,137977921536,2105344
76,137438953472,137977929728
76,536879104,8192
76,137441050624,2105344
76,2097152,2105344
76,2105344,8192
76,538976256,8192
76,137441058816,8192
76,137977929728,8192
77,0,68988964864
77,268435456,269488128
77,1048576,1052672
77,269484032,1052672
77,1052672,4096
77,269488128,4096
77,4096,4096
77,268439552,4096
78,0,134744064
78,2048,2048
78,526336,2048
78,524288,526336
79,0,263168
79,1024,1024
80,5,0
80,56,0
80,35,0
80,55,0
80,110,0
80,114,0
80,123,0
80,60,0
80,30,0
80,32,0
80,6,0
80,67,0
80,45,0
80,117,0
80,73,0
80,115,0
80,112,0
80,64,0
80,90,0
80,4,0
80,13,0
80,54,0
80,63,0
80,86,0
80,104,0
80,91,0
80,62,0
80,122,0
80,58,0
80,52,0
80,12,0
80,28,0
80,75,0
80,23,0
80,111,0
80,92,0
80,41,0
80,43,0
80,11,0
80,36,0
80,68,0
80,69,0
80,98,0
80,82,0
80,85,0
80,118,0
80,119,0
80,125,0
80,39,0
80,84,0
80,77,0
80,7,0
80,25,0
80,95,0
80,126,0
80,108,0
80,71,0
80,66,0
80,76,0
80,103,0
80,34,0
80,50,0
80,59,0
80,93,0
80,2,0
80,10,0
80,18,0
80,26,0
80,27,0
80,124,0
80,42,0
80,87,0
80,127,0
80,116,0
80,100,0
80,79,0
80,16,0
80,20,0
80,81,0
80,19,0
80,0,512
80,49,0
80,44,0
80,9,0
80,31,0
80,74,0
80,106,0
80,109,0
80,61,0
80,29,0
80,94,0
80,107,0
80,46,0
80,57,0
80,102,0
80,70,0
80,21,0
80,38,0
80,88,0
80,120,0
80,101,0
80,78,0
80,105,0
80,72,0
80,24,0
80,8,0
80,17,0
80,37,0
80,1,0
80,53,0
80,22,0
80,47,0
80,83,0
80,99,0
80,121,0
80,89,0
80,14,0
80,3,0
80,80,0
80,96,0
80,51,0
80,33,0
80,40,0
80,48,0
80,113,0
80,15,0
80,65,0
80,97,0
81,5,0
81,56,0
81,35,0
81,55,0
81,110,0
81,114,0
81,123,0
81,60,0
81,30,0
81,32,0
81,6,0
81,67,0
81,45,0
81,117,0
81,73,0
81,115,0
81,112,0
81,64,0
81,90,0
81,4,0
81,13,0
81,54,0
81,63,0
81,86,0
81,104,0
81,91,0
81,62,0
81,122,0
81,58,0
81,52,0
81,12,0
81,28,0
81,75,0
81,23,0
81,111,0
81,92,0
81,41,0
81,43,0
81,11,0
81,36,0
81,68,0
81,69,0
81,98,0
81,82,0
81,85,0
81,118,0
81,119,0
81,125,0
81,39,0
81,84,0
81,77,0
81,7,0
81,25,0
81,95,0
81,126,0
81,108,0
81,71,0
81,66,0
81,76,0
81,103,0
81,34,0
81,50,0
81,59,0
81,93,0
81,2,0
81,10,0
81,18,0
81,26,0
81,27,0
81,124,0
81,42,0
81,87,0
81,127,0
81,116,0
81,100,0
81,79,0
81,16,0
81,20,0
81,81,0
81,19,0
81,0,0
81,49,0
81,44,0
81,9,0
81,31,0
81,74,0
81,106,0
81,109,0
81,61,0
81,29,0
81,94,0
81,107,0
81,46,0
81,57,0
81,102,0
81,70,0
81,21,0
81,38,0
81,88,0
81,120,0
81,101,0
81,78,0
81,105,0
81,72,0
81,24,0
81,8,0
81,17,0
81,37,0
81,1,0
81,53,0
81,22,0
81,47,0
81,83,0
81,99,0
81,121,0
81,89,0
81,14,0
81,3,0
81,80,0
81,96,0
81,51,0
81,33,0
81,40,0
81,48,0
81,113,0
81,15,0
81,65,0
81,97,0
