1,1180591620717412353024,1180591620717411303424
1,1152921505680588800,1181744542222018150400
1,1180592746618392936448,1180591620717411303424
1,1181745668121926041600,1180591620717411303424
1,1100586418176,1181745669221436620800
1,1154048504025318400,1181744542222018150400
1,1181744542223091892224,1180591620717411303424
1,1181745668122999784448,1180591620717411303424
1,1126999419520000,1181745668121924993024
1,1181744542222019198976,1180591620717411303424
1,1180592747716830823424,1180591620717411303424
1,1152921504606848000,1181744542222018150400
1,1154048504026366976,1181744542222018150400
1,1180591621816922932224,1180591620717411303424
1,1181744542222019200000,1180591620717411303424
1,1180592747716829773824,1180591620717411303424
1,1181744543322603520000,1180591620717411303424
1,1024,1181745669222511412224
1,1099511627776,1181745669221436620800
1,1152921504607896576,1181744542222018150400
1,1181744543322603521024,1180591620717411303424
1,1152922604119523328,1181744542222018150400
1,1181745669221436620800,1180591620717411303424
1,1181745669222510363648,1180591620717411303424
1,1127000493260800,1181745668121924993024
1,1152922604118475776,1181744542222018150400
1,1180592746618391888896,1180591620717411303424
1,1181744542223092941824,1180591620717411303424
1,1180592746618391887872,1180591620717411303424
1,1180591621816922931200,1180591620717411303424
1,1180591621817997722624,1180591620717411303424
1,1181745668121924993024,1180591620717411303424
1,1181745669222511412224,1180591620717411303424
1,1126999419518976,1181745668121924993024
1,1181744542223091893248,1180591620717411303424
1,1154047404514739200,1181744542222018150400
1,1180591620717411304448,1180591620717411303424
1,1181745668121926042624,1180591620717411303424
1,1181745669221437670400,1180591620717411303424
1,1125900980584448,1181745668121924993024
1,1180591621816923980800,1180591620717411303424
1,1049600,1181745669222511411200
1,1152921505681638400,1181744542222018150400
1,1181745668122999783424,1180591620717411303424
1,1154047404514738176,1181744542222018150400
1,1125900980585472,1181745668121924993024
1,1181744542222018151424,1180591620717411303424
1,1154047405588481024,1181744542222018150400
1,1180591620717411303424,1180591620717411303424
1,1154048504025317376,1181744542222018150400
1,1181744542223092940800,1180591620717411303424
1,1180592746617318146048,1180591620717411303424
1,1180591621817996673024,1180591620717411303424
1,1180592747717904564224,1180591620717411303424
1,1100585370624,1181745669221436620800
1,1100586419200,1181745669221436620800
1,1180591620718485045248,1180591620717411303424
1,1180592746618392937472,1180591620717411303424
1,1154047405587431424,1181744542222018150400
1,1180591620718486093824,1180591620717411303424
1,1127000492213248,1181745668121924993024
1,1180592746617319195648,1180591620717411303424
1,1181745669221436621824,1180591620717411303424
1,1180592746617319194624,1180591620717411303424
1,1152922605192217600,1181744542222018150400
1,1073741824,1181745669222510362624
1,1180591620717412352000,1180591620717411303424
1,1180591620718485046272,1180591620717411303424
1,1180592747717903516672,1180591620717411303424
1,1180592746617318147072,1180591620717411303424
1,1154048505100107776,1181744542222018150400
1,1181744543322604569600,1180591620717411303424
1,1181745668122998735872,1180591620717411303424
1,0,1181745669222511412225
1,1154047405587432448,1181744542222018150400
1,1154047404513690624,1181744542222018150400
1,1074790400,1181745669222510362624
1,1180592747716829774848,1180591620717411303424
1,1181744543321530827776,1180591620717411303424
1,1181745669222511411200,1180591620717411303424
1,1099512676352,1181745669221436620800
1,1154048505099060224,1181744542222018150400
1,1180591621816923979776,1180591620717411303424
1,1181745669222510362624,1180591620717411303424
1,1125899907891200,1181745668121924993024
1,1154048504026365952,1181744542222018150400
1,1125900981634048,1181745668121924993024
1,1074791424,1181745669222510362624
1,1152922605193266176,1181744542222018150400
1,1181745668122998734848,1180591620717411303424
1,1099511628800,1181745669221436620800
1,1152922605193265152,1181744542222018150400
1,1126999418470400,1181745668121924993024
1,1180591621817996674048,1180591620717411303424
1,1181744542222018150400,1180591620717411303424
1,1152922604119524352,1181744542222018150400
1,1154048505100108800,1181744542222018150400
1,1099512677376,1181745669221436620800
1,1152922605192216576,1181744542222018150400
1,1152922604118474752,1181744542222018150400
1,1125900981633024,1181745668121924993024
1,1154047404513689600,1181744542222018150400
1,1180592747716830822400,1180591620717411303424
1,1073742848,1181745669222510362624
1,1180592747717904565248,1180591620717411303424
1,1181744543321529778176,1180591620717411303424
1,1048576,1181745669222511411200
1,1100585369600,1181745669221436620800
1,1181744543322604568576,1180591620717411303424
1,1180592747717903515648,1180591620717411303424
1,1181744543321530826752,1180591620717411303424
1,1126999418471424,1181745668121924993024
1,1127000492212224,1181745668121924993024
1,1127000493261824,1181745668121924993024
1,1152921504606846976,1181744542222018150400
1,1181745669221437669376,1180591620717411303424
1,1181745668121924994048,1180591620717411303424
1,1125899906843648,1181745668121924993024
1,1154047405588480000,1181744542222018150400
1,1154048505099059200,1181744542222018150400
1,1180591621817997721600,1180591620717411303424
1,1125899906842624,1181745668121924993024
1,1181744543321529779200,1180591620717411303424
1,1180591620718486094848,1180591620717411303424
1,1152921505680589824,1181744542222018150400
1,1152921505681637376,1181744542222018150400
1,1152921504607895552,1181744542222018150400
1,1125899907892224,1181745668121924993024
2,577023702256844800,590872271111009075200
2,576461302059761664,590872271111009075200
2,590295810358705651712,590295810358705651712
2,562950490292224,590872834060962496512
2,563500246630400,590872834060962496512
2,590872271111009075200,590295810358705651712
2,590296373858415411200,590295810358705651712
2,590295810359242522624,590295810358705651712
2,576460752303947776,590872271111009075200
2,577023702794240000,590872271111009075200
2,590872834610718834688,590295810358705651712
2,576460752303423488,590872271111009075200
2,590296373858952282112,590295810358705651712
2,590872834061499891712,590295810358705651712
2,590872834611255705600,590295810358705651712
2,562949953945600,590872834060962496512
2,536870912,590872834611255181312
2,577024252549529600,590872271111009075200
2,590872834611255181312,590295810358705651712
2,549756338176,590872834610718310400
2,563500246106112,590872834060962496512
2,550292684800,590872834610718310400
2,590872834060962496512,590295810358705651712
2,563499709235200,590872834060962496512
2,590872271111545946112,590295810358705651712
2,562949953421312,590872834060962496512
2,576461302596108288,590872271111009075200
2,590296373309196468224,590295810358705651712
2,590872834061499367424,590295810358705651712
2,590872834060963020800,590295810358705651712
2,590872271660765413376,590295810358705651712
2,590296373309195943936,590295810358705651712
2,590872834610718310400,590295810358705651712
2,576460752840294400,590872271111009075200
2,549755813888,590872834610718310400
2,0,590872834611255706112
2,563499709759488,590872834060962496512
2,550293209088,590872834610718310400
2,576460752840818688,590872271111009075200
2,590295810359243046912,590295810358705651712
2,590296373308659597312,590295810358705651712
2,590872271661302284288,590295810358705651712
2,577024252012658688,590872271111009075200
2,590295810358706176000,590295810358705651712
2,590872271660764889088,590295810358705651712
2,590295810908998860800,590295810358705651712
2,590296373858414886912,590295810358705651712
2,590872271661301760000,590295810358705651712
2,577023702257369088,590872271111009075200
2,590872271111009599488,590295810358705651712
2,576461302596632576,590872271111009075200
2,577024252550053888,590872271111009075200
2,577024252013182976,590872271111009075200
2,577023702793715712,590872271111009075200
2,537395200,590872834611255181312
2,590295810908461989888,590295810358705651712
2,590872271111546470400,590295810358705651712
2,590296373858951757824,590295810358705651712
2,576461302059237376,590872271111009075200
2,590296373308659073024,590295810358705651712
2,524288,590872834611255705600
2,590295810908998336512,590295810358705651712
2,590295810908461465600,590295810358705651712
2,562950490816512,590872834060962496512
3,274877906944,295436417305359155200
3,281475245146112,295436417030481248256
3,288511851128422400,295436135555504537600
3,295436417030481248256,295147905179352825856
3,295148186654329536512,295147905179352825856
3,0,295436417305627852800
3,288512126006329344,295436135555504537600
3,288511851396857856,295436135555504537600
3,295436417030749683712,295147905179352825856
3,288230376420147200,295436135555504537600
3,295148186654597971968,295147905179352825856
3,295436135830650880000,295147905179352825856
3,295148186929207443456,295147905179352825856
3,268435456,295436417305627590656
3,288512126274764800,295436135555504537600
3,288230376151711744,295436135555504537600
3,281750123053056,295436417030481248256
3,295147905454230732800,295147905179352825856
3,275146342400,295436417305359155200
3,281749854617600,295436417030481248256
3,295147905179352825856,295147905179352825856
3,295436135555504537600,295147905179352825856
3,288230651298054144,295436135555504537600
3,295436135555772973056,295147905179352825856
3,295436135830382444544,295147905179352825856
3,295436417305359155200,295147905179352825856
3,288230651029618688,295436135555504537600
3,295147905454499168256,295147905179352825856
3,295436417305627590656,295147905179352825856
3,281474976710656,295436417030481248256
3,295147905179621261312,295147905179352825856
3,295148186929475878912,295147905179352825856
4,147573952727115366400,147573952589676412928
4,147574093327164768256,147573952589676412928
4,140737488355328,147718208515240624128
4,147718208652679577600,147573952589676412928
4,0,147718208652813795328
4,140874927308800,147718208515240624128
4,144256063003164672,147718067777752268800
4,147574093464603721728,147573952589676412928
4,137438953472,147718208652679577600
4,147573952589676412928,147573952589676412928
4,144255925564211200,147718067777752268800
4,144115325514809344,147718067777752268800
4,147718208515240624128,147573952589676412928
4,147718067915191222272,147573952589676412928
4,147718067777752268800,147573952589676412928
4,144115188075855872,147718067777752268800
5,0,73859104326339788800
5,72127962782105600,73859033888876134400
5,72057594037927936,73859033888876134400
5,73786976294838206464,73786976294838206464
5,73859033888876134400,73786976294838206464
5,73787046663582384128,73786976294838206464
5,73859104257620312064,73786976294838206464
5,70368744177664,73859104257620312064
6,0,36929552128810156032
6,36893488147419103232,36893488147419103232
6,36929516944438067200,36893488147419103232
6,36028797018963968,36929516944438067200
7,0,18464758472219033600
7,18446744073709551616,18446744073709551616
8,5,0
8,56,0
8,35,0
8,55,0
8,110,0
8,114,0
8,123,0
8,60,0
8,30,0
8,32,0
8,6,0
8,67,0
8,45,0
8,117,0
8,73,0
8,115,0
8,112,0
8,64,0
8,90,0
8,4,0
8,13,0
8,54,0
8,63,0
8,86,0
8,104,0
8,91,0
8,62,0
8,122,0
8,58,0
8,52,0
8,12,0
8,28,0
8,75,0
8,23,0
8,111,0
8,92,0
8,41,0
8,43,0
8,11,0
8,36,0
8,68,0
8,69,0
8,98,0
8,82,0
8,85,0
8,118,0
8,119,0
8,125,0
8,39,0
8,84,0
8,77,0
8,7,0
8,25,0
8,95,0
8,126,0
8,108,0
8,71,0
8,66,0
8,76,0
8,103,0
8,34,0
8,50,0
8,59,0
8,93,0
8,2,0
8,10,0
8,18,0
8,26,0
8,27,0
8,124,0
8,42,0
8,87,0
8,127,0
8,116,0
8,100,0
8,79,0
8,16,0
8,20,0
8,81,0
8,19,0
8,0,9223372036854775808
8,49,0
8,44,0
8,9,0
8,31,0
8,74,0
8,106,0
8,109,0
8,61,0
8,29,0
8,94,0
8,107,0
8,46,0
8,57,0
8,102,0
8,70,0
8,21,0
8,38,0
8,88,0
8,120,0
8,101,0
8,78,0
8,105,0
8,72,0
8,24,0
8,8,0
8,17,0
8,37,0
8,1,0
8,53,0
8,22,0
8,47,0
8,83,0
8,99,0
8,121,0
8,89,0
8,14,0
8,3,0
8,80,0
8,96,0
8,51,0
8,33,0
8,40,0
8,48,0
8,113,0
8,15,0
8,65,0
8,97,0
9,5,0
9,56,0
9,35,0
9,55,0
9,110,0
9,114,0
9,123,0
9,60,0
9,30,0
9,32,0
9,6,0
9,67,0
9,45,0
9,117,0
9,73,0
9,115,0
9,112,0
9,64,0
9,90,0
9,4,0
9,13,0
9,54,0
9,63,0
9,86,0
9,104,0
9,91,0
9,62,0
9,122,0
9,58,0
9,52,0
9,12,0
9,28,0
9,75,0
9,23,0
9,111,0
9,92,0
9,41,0
9,43,0
9,11,0
9,36,0
9,68,0
9,69,0
9,98,0
9,82,0
9,85,0
9,118,0
9,119,0
9,125,0
9,39,0
9,84,0
9,77,0
9,7,0
9,25,0
9,95,0
9,126,0
9,108,0
9,71,0
9,66,0
9,76,0
9,103,0
9,34,0
9,50,0
9,59,0
9,93,0
9,2,0
9,10,0
9,18,0
9,26,0
9,27,0
9,124,0
9,42,0
9,87,0
9,127,0
9,116,0
9,100,0
9,79,0
9,16,0
9,20,0
9,81,0
9,19,0
9,0,0
9,49,0
9,44,0
9,9,0
9,31,0
9,74,0
9,106,0
9,109,0
9,61,0
9,29,0
9,94,0
9,107,0
9,46,0
9,57,0
9,102,0
9,70,0
9,21,0
9,38,0
9,88,0
9,120,0
9,101,0
9,78,0
9,105,0
9,72,0
9,24,0
9,8,0
9,17,0
9,37,0
9,1,0
9,53,0
9,22,0
9,47,0
9,83,0
9,99,0
9,121,0
9,89,0
9,14,0
9,3,0
9,80,0
9,96,0
9,51,0
9,33,0
9,40,0
9,48,0
9,113,0
9,15,0
9,65,0
9,97,0
10,2251799813687296,2308094809027379200
10,2308094809027381248,2305843009213693952
10,2305845210384435200,2305843009213693952
10,2201172836352,2308097008050634752
10,2147483648,2308097010198118400
10,2305843009213696000,2305843009213693952
10,2308097008050636800,2305843009213693952
10,2253998839040000,2308094809027379200
10,2251799815782400,2308094809027379200
10,2308097010200215552,2305843009213693952
10,2308097008052733952,2305843009213693952
10,2149580800,2308097010198118400
10,2048,2308097010200217600
10,2199023255552,2308097008050634752
10,2199025352704,2308097008050634752
10,2305845208239046656,2305843009213693952
10,2308097010198120448,2305843009213693952
10,2254000986521600,2308094809027379200
10,2305845208236951552,2305843009213693952
10,2305843009213693952,2305843009213693952
10,2305843011363276800,2305843009213693952
10,2308097008052731904,2305843009213693952
10,2305843011363274752,2305843009213693952
10,2253998839037952,2308094809027379200
10,2251801963268096,2308094809027379200
10,2149582848,2308097010198118400
10,2305845210386532352,2305843009213693952
10,2199023257600,2308097008050634752
10,2305845210386530304,2305843009213693952
10,2305843009215793152,2305843009213693952
10,2253998836940800,2308094809027379200
10,2251801961168896,2308094809027379200
10,2305845208239048704,2305843009213693952
10,2305843011361177600,2305843009213693952
10,2099200,2308097010200215552
10,2308094809027379200,2305843009213693952
10,2308097010200217600,2305843009213693952
10,2199025354752,2308097008050634752
10,2305845210384433152,2305843009213693952
10,2251801961170944,2308094809027379200
10,0,2308097010200217602
10,2308094811176962048,2305843009213693952
10,2305843009215791104,2305843009213693952
10,2305845208236949504,2305843009213693952
10,2251801963266048,2308094809027379200
10,2308094811174862848,2305843009213693952
10,2308094811176960000,2305843009213693952
10,2147485696,2308097010198118400
10,2308097008050634752,2305843009213693952
10,2201170739200,2308097008050634752
10,2097152,2308097010200215552
10,2251799813685248,2308094809027379200
10,2251799815784448,2308094809027379200
10,2253998836942848,2308094809027379200
10,2201170741248,2308097008050634752
10,2254000984424448,2308094809027379200
10,2254000986523648,2308094809027379200
10,2201172838400,2308097008050634752
10,2308097010198118400,2305843009213693952
10,2308094809029476352,2305843009213693952
10,2305843011361179648,2305843009213693952
10,2308094809029478400,2305843009213693952
10,2254000984426496,2308094809027379200
10,2308094811174864896,2305843009213693952
11,1152921505680588800,1208926972536133781553152
11,1100586418176,1208926973663133200023552
11,1154048504025318400,1208926972536133781553152
11,1126999419520000,1208926973662033688395776
11,1152921504606848000,1208926972536133781553152
11,1154048504026366976,1208926972536133781553152
11,1024,1208926973663134274814976
11,1099511627776,1208926973663133200023552
11,1152921504607896576,1208926972536133781553152
11,1152922604119523328,1208926972536133781553152
11,1127000493260800,1208926973662033688395776
11,1152922604118475776,1208926972536133781553152
11,1126999419518976,1208926973662033688395776
11,1154047404514739200,1208926972536133781553152
11,1125900980584448,1208926973662033688395776
11,1049600,1208926973663134274813952
11,1152921505681638400,1208926972536133781553152
11,1154047404514738176,1208926972536133781553152
11,1125900980585472,1208926973662033688395776
11,1154047405588481024,1208926972536133781553152
11,1154048504025317376,1208926972536133781553152
11,1100585370624,1208926973663133200023552
11,1100586419200,1208926973663133200023552
11,1154047405587431424,1208926972536133781553152
11,1127000492213248,1208926973662033688395776
11,1152922605192217600,1208926972536133781553152
11,1073741824,1208926973663134273765376
11,1154048505100107776,1208926972536133781553152
11,0,1208926973663134274814977
11,1154047405587432448,1208926972536133781553152
11,1154047404513690624,1208926972536133781553152
11,1074790400,1208926973663134273765376
11,1099512676352,1208926973663133200023552
11,1154048505099060224,1208926972536133781553152
11,1125899907891200,1208926973662033688395776
11,1154048504026365952,1208926972536133781553152
11,1125900981634048,1208926973662033688395776
11,1074791424,1208926973663134273765376
11,1152922605193266176,1208926972536133781553152
11,1099511628800,1208926973663133200023552
11,1152922605193265152,1208926972536133781553152
11,1126999418470400,1208926973662033688395776
11,1152922604119524352,1208926972536133781553152
11,1154048505100108800,1208926972536133781553152
11,1099512677376,1208926973663133200023552
11,1152922605192216576,1208926972536133781553152
11,1152922604118474752,1208926972536133781553152
11,1125900981633024,1208926973662033688395776
11,1154047404513689600,1208926972536133781553152
11,1073742848,1208926973663134273765376
11,1048576,1208926973663134274813952
11,1100585369600,1208926973663133200023552
11,1126999418471424,1208926973662033688395776
11,1127000492212224,1208926973662033688395776
11,1127000493261824,1208926973662033688395776
11,1152921504606846976,1208926972536133781553152
11,1125899906843648,1208926973662033688395776
11,1154047405588480000,1208926972536133781553152
11,1154048505099059200,1208926972536133781553152
11,1125899906842624,1208926973662033688395776
11,1152921505680589824,1208926972536133781553152
11,1152921505681637376,1208926972536133781553152
11,1152921504607895552,1208926972536133781553152
11,1125899907892224,1208926973662033688395776
12,576460752840294400,604463486268066890776576
12,562949953945600,604463486831016844197888
12,536870912,604463486831567136882688
12,577023702256844800,604463486268066890776576
12,549755813888,604463486831566600011776
12,577024252549529600,604463486268066890776576
12,549756338176,604463486831566600011776
12,576461302059761664,604463486268066890776576
12,576461302596632576,604463486268066890776576
12,563500246106112,604463486831016844197888
12,0,604463486831567137407488
12,562950490292224,604463486831016844197888
12,577023702793715712,604463486268066890776576
12,537395200,604463486831567136882688
12,550293209088,604463486831566600011776
12,550292684800,604463486831566600011776
12,563499709759488,604463486831016844197888
12,576460752840818688,604463486268066890776576
12,577024252013182976,604463486268066890776576
12,563499709235200,604463486831016844197888
12,577024252550053888,604463486268066890776576
12,563500246630400,604463486831016844197888
12,562949953421312,604463486831016844197888
12,576461302596108288,604463486268066890776576
12,576461302059237376,604463486268066890776576
12,576460752303947776,604463486268066890776576
12,577023702794240000,604463486268066890776576
12,577024252012658688,604463486268066890776576
12,524288,604463486831567137406976
12,577023702257369088,604463486268066890776576
12,562950490816512,604463486831016844197888
12,576460752303423488,604463486268066890776576
13,274877906944,302231743415783300005888
13,281475245146112,302231743415508422098944
13,288511851128422400,302231743134033445388288
13,0,302231743415783568703488
13,288512126006329344,302231743134033445388288
13,288511851396857856,302231743134033445388288
13,288230376420147200,302231743134033445388288
13,268435456,302231743415783568441344
13,288512126274764800,302231743134033445388288
13,288230376151711744,302231743134033445388288
13,281750123053056,302231743415508422098944
13,275146342400,302231743415783300005888
13,281749854617600,302231743415508422098944
13,288230651298054144,302231743134033445388288
13,288230651029618688,302231743134033445388288
13,281474976710656,302231743415508422098944
14,0,151115871707891784220672
14,144256063003164672,151115871567016722694144
14,144115325514809344,151115871567016722694144
14,140737488355328,151115871707754211049472
14,137438953472,151115871707891650002944
14,144115188075855872,151115871567016722694144
14,140874927308800,151115871707754211049472
14,144255925564211200,151115871567016722694144
15,0,75557935853945825001472
15,72127962782105600,75557935783508361347072
15,72057594037927936,75557935783508361347072
15,70368744177664,75557935853877105524736
16,0,37778967926938552762368
16,36028797018963968,37778967891754180673536
17,5,0
17,56,0
17,35,0
17,55,0
17,110,0
17,114,0
17,123,0
17,60,0
17,30,0
17,32,0
17,6,0
17,67,0
17,45,0
17,117,0
17,73,0
17,115,0
17,112,0
17,64,0
17,90,0
17,4,0
17,13,0
17,54,0
17,63,0
17,86,0
17,104,0
17,91,0
17,62,0
17,122,0
17,58,0
17,52,0
17,12,0
17,28,0
17,75,0
17,23,0
17,111,0
17,92,0
17,41,0
17,43,0
17,11,0
17,36,0
17,68,0
17,69,0
17,98,0
17,82,0
17,85,0
17,118,0
17,119,0
17,125,0
17,39,0
17,84,0
17,77,0
17,7,0
17,25,0
17,95,0
17,126,0
17,108,0
17,71,0
17,66,0
17,76,0
17,103,0
17,34,0
17,50,0
17,59,0
17,93,0
17,2,0
17,10,0
17,18,0
17,26,0
17,27,0
17,124,0
17,42,0
17,87,0
17,127,0
17,116,0
17,100,0
17,79,0
17,16,0
17,20,0
17,81,0
17,19,0
17,0,18889483945877090336768
17,49,0
17,44,0
17,9,0
17,31,0
17,74,0
17,106,0
17,109,0
17,61,0
17,29,0
17,94,0
17,107,0
17,46,0
17,57,0
17,102,0
17,70,0
17,21,0
17,38,0
17,88,0
17,120,0
17,101,0
17,78,0
17,105,0
17,72,0
17,24,0
17,8,0
17,17,0
17,37,0
17,1,0
17,53,0
17,22,0
17,47,0
17,83,0
17,99,0
17,121,0
17,89,0
17,14,0
17,3,0
17,80,0
17,96,0
17,51,0
17,33,0
17,40,0
17,48,0
17,113,0
17,15,0
17,65,0
17,97,0
18,5,0
18,56,0
18,35,0
18,55,0
18,110,0
18,114,0
18,123,0
18,60,0
18,30,0
18,32,0
18,6,0
18,67,0
18,45,0
18,117,0
18,73,0
18,115,0
18,112,0
18,64,0
18,90,0
18,4,0
18,13,0
18,54,0
18,63,0
18,86,0
18,104,0
18,91,0
18,62,0
18,122,0
18,58,0
18,52,0
18,12,0
18,28,0
18,75,0
18,23,0
18,111,0
18,92,0
18,41,0
18,43,0
18,11,0
18,36,0
18,68,0
18,69,0
18,98,0
18,82,0
18,85,0
18,118,0
18,119,0
18,125,0
18,39,0
18,84,0
18,77,0
18,7,0
18,25,0
18,95,0
18,126,0
18,108,0
18,71,0
18,66,0
18,76,0
18,103,0
18,34,0
18,50,0
18,59,0
18,93,0
18,2,0
18,10,0
18,18,0
18,26,0
18,27,0
18,124,0
18,42,0
18,87,0
18,127,0
18,116,0
18,100,0
18,79,0
18,16,0
18,20,0
18,81,0
18,19,0
18,0,9444732965739290427392
18,49,0
18,44,0
18,9,0
18,31,0
18,74,0
18,106,0
18,109,0
18,61,0
18,29,0
18,94,0
18,107,0
18,46,0
18,57,0
18,102,0
18,70,0
18,21,0
18,38,0
18,88,0
18,120,0
18,101,0
18,78,0
18,105,0
18,72,0
18,24,0
18,8,0
18,17,0
18,37,0
18,1,0
18,53,0
18,22,0
18,47,0
18,83,0
18,99,0
18,121,0
18,89,0
18,14,0
18,3,0
18,80,0
18,96,0
18,51,0
18,33,0
18,40,0
18,48,0
18,113,0
18,15,0
18,65,0
18,97,0
19,4507997673885696,4503599627370496
19,4398050709504,4507997673881600
19,4402345676800,4507997673881600
19,4508001973047296,4503599627370496
19,4508001968848896,4503599627370496
19,4507997673881600,4503599627370496
19,4096,4508001973047296
19,4299161600,4508001968848896
19,0,4508001973047300
19,4402345672704,4507997673881600
19,4503599627370496,4503599627370496
19,4503599631564800,4503599627370496
19,4398046511104,4507997673881600
19,4294967296,4508001968848896
19,4503603922337792,4503599627370496
19,4503603926536192,4503599627370496
19,4507997678075904,4503599627370496
19,4507997678080000,4503599627370496
19,4402341478400,4507997673881600
19,4299165696,4508001968848896
19,4402341482496,4507997673881600
19,4194304,4508001973043200
19,4503603922341888,4503599627370496
19,4398050705408,4507997673881600
19,4508001973043200,4503599627370496
19,4503599631568896,4503599627370496
19,4508001968852992,4503599627370496
19,4503603926532096,4503599627370496
19,4198400,4508001973043200
19,4503599627374592,4503599627370496
19,4294971392,4508001968848896
19,4398046515200,4507997673881600
20,2251799813687296,2361185493234636292096
20,2201170741248,2361185495433659547648
20,2254000984424448,2361185493234636292096
20,2254000986523648,2361185493234636292096
20,2201172836352,2361185495433659547648
20,2251801961170944,2361185493234636292096
20,2147483648,2361185495435807031296
20,2201172838400,2361185495433659547648
20,2253998839037952,2361185493234636292096
20,0,2361185495435809130498
20,2251801963268096,2361185493234636292096
20,2253998839040000,2361185493234636292096
20,2149582848,2361185495435807031296
20,2251799815782400,2361185493234636292096
20,2251801963266048,2361185493234636292096
20,2199023257600,2361185495433659547648
20,2147485696,2361185495435807031296
20,2253998836940800,2361185493234636292096
20,2149580800,2361185495435807031296
20,2048,2361185495435809130496
20,2251801961168896,2361185493234636292096
20,2199023255552,2361185495433659547648
20,2201170739200,2361185495433659547648
20,2097152,2361185495435809128448
20,2199025352704,2361185495433659547648
20,2251799813685248,2361185493234636292096
20,2254000984426496,2361185493234636292096
20,2099200,2361185495435809128448
20,2254000986521600,2361185493234636292096
20,2251799815784448,2361185493234636292096
20,2253998836942848,2361185493234636292096
20,2199025354752,2361185495433659547648
21,1180591620717412353024,1180592747717904564224
21,1180592746618392936448,1180592746617318146048
21,1100586418176,1210106412362346004480000
21,1126999419520000,1210106412361246492852224
21,1180592747716830823424,1180592746617318146048
21,1180591621816922932224,1180592747716829773824
21,1180592747716829773824,1180592746617318146048
21,1024,1210106412362347079271424
21,1099511627776,1210106412362346004480000
21,1127000493260800,1210106412361246492852224
21,1180592746618391888896,1180592746617318146048
21,1180592746618391887872,1180592746617318146048
21,1180591621816922931200,1180592747716829773824
21,1180591621817997722624,1180592747716829773824
21,1126999419518976,1210106412361246492852224
21,1180591620717411304448,1180592747717904565248
21,1125900980584448,1210106412361246492852224
21,1180591621816923980800,1180592747716829773824
21,1049600,1210106412362347079270400
21,1125900980585472,1210106412361246492852224
21,1180591620717411303424,1180592747717904565249
21,1180592746617318146048,1180592746617318146048
21,1180591621817996673024,1180592747716829773824
21,1180592747717904564224,1180592746617318146048
21,1100585370624,1210106412362346004480000
21,1100586419200,1210106412362346004480000
21,1180591620718485045248,1180592747717903515648
21,1180592746618392937472,1180592746617318146048
21,1180591620718486093824,1180592747717903515648
21,1127000492213248,1210106412361246492852224
21,1180592746617319195648,1180592746617318146048
21,1180592746617319194624,1180592746617318146048
21,1180591620717412352000,1180592747717904564224
21,1073741824,1210106412362347078221824
21,1180592747717903516672,1180592746617318146048
21,1180591620718485046272,1180592747717903515648
21,1180592746617318147072,1180592746617318146048
21,0,1210106412362347079271425
21,1180592747716829774848,1180592746617318146048
21,1074790400,1210106412362347078221824
21,1099512676352,1210106412362346004480000
21,1180591621816923979776,1180592747716829773824
21,1125899907891200,1210106412361246492852224
21,1125900981634048,1210106412361246492852224
21,1074791424,1210106412362347078221824
21,1099511628800,1210106412362346004480000
21,1126999418470400,1210106412361246492852224
21,1180591621817996674048,1180592747716829773824
21,1099512677376,1210106412362346004480000
21,1125900981633024,1210106412361246492852224
21,1180592747716830822400,1180592746617318146048
21,1073742848,1210106412362347078221824
21,1180592747717904565248,1180592746617318146048
21,1048576,1210106412362347079270400
21,1100585369600,1210106412362346004480000
21,1180592747717903515648,1180592746617318146048
21,1126999418471424,1210106412361246492852224
21,1127000492212224,1210106412361246492852224
21,1127000493261824,1210106412361246492852224
21,1125899906843648,1210106412361246492852224
21,1180591621817997721600,1180592747716829773824
21,1125899906842624,1210106412361246492852224
21,1180591620718486094848,1180592747717903515648
21,1125899907892224,1210106412361246492852224
22,562949953945600,605053206180623246426112
22,536870912,605053206181173539110912
22,549755813888,605053206181173002240000
22,549756338176,605053206181173002240000
22,563500246106112,605053206180623246426112
22,0,605053206181173539635712
22,562950490292224,605053206180623246426112
22,590295810358705651712,590296373858952282624
22,537395200,605053206181173539110912
22,550293209088,605053206181173002240000
22,550292684800,605053206181173002240000
22,563499709759488,605053206180623246426112
22,590295810359243046912,590296373858951757824
22,563499709235200,605053206180623246426112
22,563500246630400,605053206180623246426112
22,590295810908461989888,590296373858414886912
22,562949953421312,605053206180623246426112
22,590296373309196468224,590296373308659073024
22,590296373858415411200,590296373308659073024
22,590296373858951757824,590296373308659073024
22,590295810359242522624,590296373858951757824
22,590296373308659597312,590296373308659073024
22,590295810358706176000,590296373858952282112
22,590296373308659073024,590296373308659073024
22,524288,605053206181173539635200
22,590295810908998336512,590296373858414886912
22,590295810908998860800,590296373858414886912
22,590296373858414886912,590296373308659073024
22,590295810908461465600,590296373858414886912
22,562950490816512,605053206180623246426112
22,590296373309195943936,590296373308659073024
22,590296373858952282112,590296373308659073024
23,274877906944,302526603090586501120000
23,281475245146112,302526603090311623213056
23,295148186654329536512,295148186654329536512
23,0,302526603090586769817600
23,295148186654597971968,295148186654329536512
23,295148186929207443456,295148186654329536512
23,268435456,302526603090586769555456
23,281750123053056,302526603090311623213056
23,295147905454230732800,295148186929207443456
23,275146342400,302526603090586501120000
23,281749854617600,302526603090311623213056
23,295147905179352825856,295148186929476141056
23,295147905454499168256,295148186929207443456
23,281474976710656,302526603090311623213056
23,295147905179621261312,295148186929475878912
23,295148186929475878912,295148186654329536512
24,0,151263301545293384777728
24,147573952727115366400,147574093464603721728
24,147574093327164768256,147574093327164768256
24,140737488355328,151263301545155811606528
24,147574093464603721728,147574093327164768256
24,137438953472,151263301545293250560000
24,147573952589676412928,147574093464737939456
24,140874927308800,151263301545155811606528
25,0,75631650772646625280000
25,73786976294838206464,73787046732301860864
25,73787046663582384128,73787046663582384128
25,70368744177664,75631650772577905803264
26,0,37815825386288952901632
26,36893488147419103232,36893523331791192064
27,0,18907912675552290406400
27,18446744073709551616,18446744073709551616
28,8804682964992,8796093022208
28,8589942784,8804682956800
28,8796101410816,8796093022208
28,8598331392,8804682956800
28,0,8804691353608
28,8192,8804691353600
28,8804691345408,8796093022208
28,8598323200,8804682956800
28,8796101419008,8796093022208
28,8796093022208,8796093022208
28,8396800,8804691345408
28,8589934592,8804682956800
28,8804682956800,8796093022208
28,8804691353600,8796093022208
28,8796093030400,8796093022208
28,8388608,8804691345408
29,4398050709504,4611690416473899008
29,4402345676800,4611690416473899008
29,4096,4611690420773064704
29,4299161600,4611690420768866304
29,0,4611690420773064708
29,4402345672704,4611690416473899008
29,4398046511104,4611690416473899008
29,4294967296,4611690420768866304
29,4402341478400,4611690416473899008
29,4299165696,4611690420768866304
29,4402341482496,4611690416473899008
29,4194304,4611690420773060608
29,4398050705408,4611690416473899008
29,4198400,4611690420773060608
29,4294971392,4611690420768866304
29,4398046515200,4611690416473899008
30,2305845210384433152,2305845208236949504
30,2201170741248,2363489086643059556352
30,2305843011363276800,2305845210384433152
30,2305845210384435200,2305845208236949504
30,2201172836352,2363489086643059556352
30,2305843011363274752,2305845210384433152
30,2147483648,2363489086645207040000
30,2201172838400,2363489086643059556352
30,2305843009213696000,2305845210386532352
30,0,2363489086645209139202
30,2149582848,2363489086645207040000
30,2305845210386532352,2305845208236949504
30,2305843009215791104,2305845210386530304
30,2305845208236949504,2305845208236949504
30,2199023257600,2363489086643059556352
30,2305845210386530304,2305845208236949504
30,2305843009215793152,2305845210386530304
30,2147485696,2363489086645207040000
30,2149580800,2363489086645207040000
30,2048,2363489086645209139200
30,2305845208239048704,2305845208236949504
30,2199023255552,2363489086643059556352
30,2305843011361179648,2305845210384433152
30,2201170739200,2363489086643059556352
30,2097152,2363489086645209137152
30,2199025352704,2363489086643059556352
30,2305843011361177600,2305845210384433152
30,2305845208239046656,2305845208236949504
30,2099200,2363489086645209137152
30,2305845208236951552,2305845208236949504
30,2305843009213693952,2305845210386532354
30,2199025354752,2363489086643059556352
31,1180591620717412353024,1181744543322604568576
31,1152921505680588800,1152922605192216576
31,1100586418176,1210107564157950704484352
31,1181744542223091892224,1152922605192216576
31,1181744542222019198976,1152922605193265152
31,1152921504606848000,1152922605193266176
31,1180591621816922932224,1181744543321529778176
31,1181744542222019200000,1152922605193265152
31,1181744543322603520000,1152922604118474752
31,1024,1210107564157951779275776
31,1099511627776,1210107564157950704484352
31,1152921504607896576,1152922605193265152
31,1181744543322603521024,1152922604118474752
31,1152922604119523328,1152922604118474752
31,1152922604118475776,1152922604118474752
31,1181744542223092941824,1152922605192216576
31,1180591621816922931200,1181744543321529778176
31,1180591621817997722624,1181744543321529778176
31,1181744542223091893248,1152922605192216576
31,1180591620717411304448,1181744543322604569600
31,1180591621816923980800,1181744543321529778176
31,1049600,1210107564157951779274752
31,1152921505681638400,1152922605192216576
31,1181744542222018151424,1152922605193266176
31,1180591620717411303424,1181744543322604569601
31,1181744542223092940800,1152922605192216576
31,1180591621817996673024,1181744543321529778176
31,1100585370624,1210107564157950704484352
31,1100586419200,1210107564157950704484352
31,1180591620718485045248,1181744543322603520000
31,1180591620718486093824,1181744543322603520000
31,1152922605192217600,1152922604118474752
31,1073741824,1210107564157951778226176
31,1180591620717412352000,1181744543322604568576
31,1180591620718485046272,1181744543322603520000
31,1181744543322604569600,1152922604118474752
31,0,1210107564157951779275777
31,1074790400,1210107564157951778226176
31,1181744543321530827776,1152922604118474752
31,1099512676352,1210107564157950704484352
31,1180591621816923979776,1181744543321529778176
31,1074791424,1210107564157951778226176
31,1152922605193266176,1152922604118474752
31,1099511628800,1210107564157950704484352
31,1152922605193265152,1152922604118474752
31,1180591621817996674048,1181744543321529778176
31,1181744542222018150400,1152922605193266177
31,1152922604119524352,1152922604118474752
31,1099512677376,1210107564157950704484352
31,1152922605192216576,1152922604118474752
31,1152922604118474752,1152922604118474752
31,1073742848,1210107564157951778226176
31,1181744543321529778176,1152922604118474752
31,1048576,1210107564157951779274752
31,1100585369600,1210107564157950704484352
31,1181744543322604568576,1152922604118474752
31,1181744543321530826752,1152922604118474752
31,1152921504606846976,1152922605193266177
31,1180591621817997721600,1181744543321529778176
31,1181744543321529779200,1152922604118474752
31,1180591620718486094848,1181744543322603520000
31,1152921505680589824,1152922605192216576
31,1152921505681637376,1152922605192216576
31,1152921504607895552,1152922605193265152
32,576460752840294400,576461302596108288
32,536870912,605053782078975889113088
32,590872271111009599488,576461302596632576
32,549755813888,605053782078975352242176
32,549756338176,605053782078975352242176
32,576461302059761664,576461302059237376
32,576461302596632576,576461302059237376
32,590295810358705651712,590872271661302284800
32,0,605053782078975889637888
32,537395200,605053782078975889113088
32,550293209088,605053782078975352242176
32,550292684800,605053782078975352242176
32,576460752840818688,576461302596108288
32,590295810359243046912,590872271661301760000
32,590872271111545946112,576461302596108288
32,590295810908461989888,590872271660764889088
32,576461302596108288,576461302059237376
32,590872271111009075200,576461302596633088
32,590872271111546470400,576461302596108288
32,576461302059237376,576461302059237376
32,576460752303947776,576461302596632576
32,590295810359242522624,590872271661301760000
32,590295810358706176000,590872271661302284288
32,590872271661302284288,576461302059237376
32,524288,605053782078975889637376
32,590872271660764889088,576461302059237376
32,590295810908998336512,590872271660764889088
32,590295810908998860800,590872271660764889088
32,590872271660765413376,576461302059237376
32,590872271661301760000,576461302059237376
32,590295810908461465600,590872271660764889088
32,576460752303423488,576461302596633088
33,274877906944,302526891039487676121088
33,0,302526891039487944818688
33,288230376420147200,288230651298054144
33,295436135830650880000,288230651029618688
33,268435456,302526891039487944556544
33,288230376151711744,288230651298316288
33,295147905454230732800,295436135830382444544
33,275146342400,302526891039487676121088
33,295147905179352825856,295436135830651142144
33,295436135555504537600,288230651298316288
33,295436135555772973056,288230651298054144
33,288230651298054144,288230651029618688
33,295436135830382444544,288230651029618688
33,288230651029618688,288230651029618688
33,295147905454499168256,295436135830382444544
33,295147905179621261312,295436135830650880000
34,0,151263445519743972278272
34,147573952727115366400,147718067915191222272
34,144115325514809344,144115325514809344
34,147718067915191222272,144115325514809344
34,137438953472,151263445519743838060544
34,147573952589676412928,147718067915325440000
34,147718067777752268800,144115325649027072
34,144115188075855872,144115325649027072
35,0,75631722759871919030272
35,73786976294838206464,73859033957595611136
35,72057594037927936,72057662757404672
35,73859033888876134400,72057662757404672
36,0,37815861379901599776768
36,36893488147419103232,36929516944438067200
36,36929516944438067200,36028797018963968
36,36028797018963968,36028797018963968
37,0,17196662800
37,16777216,17196646400
37,16793600,17196646400
37,17196646400,17179869184
37,17179885568,17179869184
37,17196662784,17179869184
37,16384,17196662784
37,17179869184,17179869184
38,0,9007207853072392
38,8589934592,9007207844675584
38,8598323200,9007207844675584
38,8598331392,9007207844675584
38,8192,9007207853072384
38,8589942784,9007207844675584
38,8396800,9007207853064192
38,8388608,9007207853064192
39,4096,4616189622353924096
39,4299161600,4616189622349725696
39,0,4616189622353924100
39,4503599631564800,4503603926532096
39,4503599627370496,4503603926536196
39,4503603922337792,4503603922337792
39,4503603926536192,4503603922337792
39,4294967296,4616189622349725696
39,4299165696,4616189622349725696
39,4194304,4616189622353920000
39,4503603922341888,4503603922337792
39,4503599631568896,4503603926532096
39,4503603926532096,4503603922337792
39,4198400,4616189622353920000
39,4503599627374592,4503603926536192
39,4294971392,4616189622349725696
40,2251799813687296,2251801963268096
40,2308094809027381248,2251801963268096
40,2305843011363276800,2308094811174862848
40,2251801961170944,2251801961168896
40,2147483648,2363491336245997469696
40,2305843009213696000,2308094811176962048
40,2305843011363274752,2308094811174862848
40,0,2363491336245999568898
40,2251801963268096,2251801961168896
40,2308094811176962048,2251801961168896
40,2149582848,2363491336245997469696
40,2251799815782400,2251801963266048
40,2305843009215791104,2308094811176960000
40,2251801963266048,2251801961168896
40,2308094811174862848,2251801961168896
40,2308094811176960000,2251801961168896
40,2305843009215793152,2308094811176960000
40,2147485696,2363491336245997469696
40,2308094809029476352,2251801963266048
40,2149580800,2363491336245997469696
40,2048,2363491336245999568896
40,2251801961168896,2251801961168896
40,2305843011361179648,2308094811174862848
40,2305843011361177600,2308094811174862848
40,2097152,2363491336245999566848
40,2308094809029478400,2251801963266048
40,2251799813685248,2251801963268098
40,2099200,2363491336245999566848
40,2308094809027379200,2251801963268098
40,2308094811174864896,2251801961168896
40,2251799815784448,2251801963266048
40,2305843009213693952,2308094811176962050
41,1180591620717412353024,1181745668122999783424
41,1152921505680588800,1154047405587431424
41,1180592746618392936448,1125900980584448
41,1181745668121926041600,1125900981633024
41,1181745668122999784448,1125900980584448
41,1181744542223091892224,1154047405587431424
41,1181744542222019198976,1154047405588480000
41,1152921504606848000,1154047405588481024
41,1181744542222019200000,1154047405588480000
41,1024,1210107565282752174490624
41,1152921504607896576,1154047405588480000
41,1180592746618391888896,1125900980584448
41,1181744542223092941824,1154047405587431424
41,1180592746618391887872,1125900980584448
41,1181745668121924993024,1125900981634049
41,1181744542223091893248,1154047405587431424
41,1154047404514739200,1125900981633024
41,1180591620717411304448,1181745668122999784448
41,1181745668121926042624,1125900981633024
41,1125900980584448,1125900980584448
41,1049600,1210107565282752174489600
41,1152921505681638400,1154047405587431424
41,1181745668122999783424,1125900980584448
41,1154047404514738176,1125900981633024
41,1125900980585472,1125900980584448
41,1181744542222018151424,1154047405588481024
41,1154047405588481024,1125900980584448
41,1180591620717411303424,1181745668122999784449
41,1181744542223092940800,1154047405587431424
41,1180592746617318146048,1125900981634049
41,1180591620718485045248,1181745668122998734848
41,1180592746618392937472,1125900980584448
41,1154047405587431424,1125900980584448
41,1180591620718486093824,1181745668122998734848
41,1180592746617319195648,1125900981633024
41,1180592746617319194624,1125900981633024
41,1180591620717412352000,1181745668122999783424
41,1073741824,1210107565282752173441024
41,1180591620718485046272,1181745668122998734848
41,1180592746617318147072,1125900981634048
41,1181745668122998735872,1125900980584448
41,0,1210107565282752174490625
41,1154047405587432448,1125900980584448
41,1154047404513690624,1125900981634048
41,1074790400,1210107565282752173441024
41,1125899907891200,1125900981633024
41,1125900981634048,1125900980584448
41,1074791424,1210107565282752173441024
41,1181745668122998734848,1125900980584448
41,1181744542222018150400,1154047405588481025
41,1154047404513689600,1125900981634049
41,1125900981633024,1125900980584448
41,1073742848,1210107565282752173441024
41,1048576,1210107565282752174489600
41,1152921504606846976,1154047405588481025
41,1181745668121924994048,1125900981634048
41,1125899906843648,1125900981634048
41,1154047405588480000,1125900980584448
41,1125899906842624,1125900981634049
41,1180591620718486094848,1181745668122998734848
41,1152921505680589824,1154047405587431424
41,1152921505681637376,1154047405587431424
41,1152921504607895552,1154047405588480000
41,1125899907892224,1125900981633024
42,576460752840294400,577023702793715712
42,562949953945600,562950490816512
42,536870912,605053782641376086720512
42,577023702256844800,562950490817024
42,590872271111009599488,577023702794240000
42,590295810358705651712,590872834061499892224
42,0,605053782641376087245312
42,562950490292224,562950490292224
42,577023702793715712,562950490292224
42,537395200,605053782641376086720512
42,576460752840818688,577023702793715712
42,590295810359243046912,590872834061499367424
42,590872834060962496512,562950490817024
42,590872271111545946112,577023702793715712
42,562949953421312,562950490817024
42,590872271111009075200,577023702794240512
42,590872271111546470400,577023702793715712
42,590296373309196468224,562950490292224
42,590295810359242522624,590872834061499367424
42,576460752303947776,577023702794240000
42,577023702794240000,562950490292224
42,590295810358706176000,590872834061499891712
42,590296373308659073024,562950490817024
42,524288,605053782641376087244800
42,590296373308659597312,562950490816512
42,590872834060963020800,562950490816512
42,590872834061499367424,562950490292224
42,577023702257369088,562950490816512
42,562950490816512,562950490292224
42,576460752303423488,577023702794240512
42,590296373309195943936,562950490292224
42,590872834061499891712,562950490292224
43,281475245146112,281475245146112
43,288511851128422400,281475245408256
43,295436417030481248256,281475245408256
43,295148186654329536512,281475245408256
43,0,302526891320688043622400
43,288511851396857856,281475245146112
43,295436417030749683712,281475245146112
43,288230376420147200,288511851396857856
43,295148186654597971968,281475245146112
43,268435456,302526891320688043360256
43,288230376151711744,288511851397120000
43,295147905179352825856,295436417030749945856
43,295436135555504537600,288511851397120000
43,295436135555772973056,288511851396857856
43,281474976710656,281475245408256
43,295147905179621261312,295436417030749683712
44,0,151263445660344021680128
44,147574093327164768256,140737622573056
44,140737488355328,140737622573056
44,147718208515240624128,140737622573056
44,147573952589676412928,147718208515374841856
44,147718067777752268800,144255925698428928
44,144115188075855872,144255925698428928
44,144255925564211200,140737622573056
45,0,75631722830171943731200
45,72127962782105600,70368744177664
45,72057594037927936,72127962782105600
45,73786976294838206464,73859104257620312064
45,73859033888876134400,72127962782105600
45,73787046663582384128,70368744177664
45,73859104257620312064,70368744177664
45,70368744177664,70368744177664
46,0,33587232
46,33554432,33554432
46,33587200,33554432
46,32768,33587200
47,0,17592202838032
47,16777216,17592202821632
47,16793600,17592202821632
47,16384,17592202838016
48,0,9015995356160008
48,8796101410816,8796101410816
48,8192,9015995356160000
48,8796101419008,8796101410816
48,8796093030400,8796101419008
48,8796093022208,8796101419016
48,8396800,9015995356151808
48,8388608,9015995356151808
49,4507997673885696,4398050709504
49,4398050709504,4398050705408
49,4507997673881600,4398050709508
49,4096,4616194016105467904
49,0,4616194016105467908
49,4503599631564800,4507997678075904
49,4503599627370496,4507997678080004
49,4398046511104,4398050709508
49,4507997678080000,4398050705408
49,4507997678075904,4398050705408
49,4194304,4616194016105463808
49,4398050705408,4398050705408
49,4503599631568896,4507997678075904
49,4198400,4616194016105463808
49,4503599627374592,4507997678080000
49,4398046515200,4398050709504
50,2305843009213693952,2308097008052733954
50,2251799813687296,2253998839040000
50,2308094809027381248,2253998839040000
50,2308097008052731904,2199025352704
50,2305843009213696000,2308097008052733952
50,2253998839037952,2199025352704
50,2308097008050636800,2199025354752
50,0,2363491338442875340802
50,2253998839040000,2199025352704
50,2251799815782400,2253998839037952
50,2305843009215791104,2308097008052731904
50,2305845208236949504,2199025354754
50,2308097008052733952,2199025352704
50,2199023257600,2199025354752
50,2305843009215793152,2308097008052731904
50,2253998836940800,2199025354754
50,2308094809029476352,2253998839037952
50,2308097008050634752,2199025354754
50,2048,2363491338442875340800
50,2305845208239048704,2199025352704
50,2199023255552,2199025354754
50,2308094809029478400,2253998839037952
50,2097152,2363491338442875338752
50,2199025352704,2199025352704
50,2305845208239046656,2199025352704
50,2251799813685248,2253998839040002
50,2099200,2363491338442875338752
50,2305845208236951552,2199025354752
50,2308094809027379200,2253998839040002
50,2251799815784448,2253998839037952
50,2253998836942848,2199025354752
50,2199025354752,2199025352704
51,1180591620717412353024,1181745669221437669376
51,1181745668121926041600,1126999419518976
51,1154048504025318400,1099512677376
51,1126999419520000,1099512676352
51,1181744542222019198976,1154048504026365952
51,1180592747716830823424,1099512676352
51,1152921504606848000,1154048504026366976
51,1154048504026366976,1099512676352
51,1180591621816922932224,1099512677376
51,1181744542222019200000,1154048504026365952
51,1180592747716829773824,1099512677377
51,1024,1210107565283850612376576
51,1099511627776,1099512677377
51,1152921504607896576,1154048504026365952
51,1181745669221436620800,1099512677377
51,1152922604119523328,1099512676352
51,1152922604118475776,1099512677376
51,1180591621816922931200,1099512677377
51,1181745668121924993024,1126999419520001
51,1126999419518976,1099512676352
51,1154047404514739200,1126999419518976
51,1180591620717411304448,1181745669221437670400
51,1181745668121926042624,1126999419518976
51,1181745669221437670400,1099512676352
51,1180591621816923980800,1099512676352
51,1049600,1210107565283850612375552
51,1154047404514738176,1126999419518976
51,1181744542222018151424,1154048504026366976
51,1180591620717411303424,1181745669221437670401
51,1154048504025317376,1099512677377
51,1180592746617318146048,1126999419520001
51,1180592746617319195648,1126999419518976
51,1181745669221436621824,1099512677376
51,1180592746617319194624,1126999419518976
51,1180591620717412352000,1181745669221437669376
51,1180592746617318147072,1126999419520000
51,0,1210107565283850612376577
51,1180592747716829774848,1099512677376
51,1154047404513690624,1126999419520000
51,1181744543321530827776,1099512676352
51,1099512676352,1099512676352
51,1180591621816923979776,1099512676352
51,1125899907891200,1126999419518976
51,1154048504026365952,1099512676352
51,1099511628800,1099512677376
51,1126999418470400,1099512677377
51,1181744542222018150400,1154048504026366977
51,1152922604119524352,1099512676352
51,1099512677376,1099512676352
51,1152922604118474752,1099512677377
51,1154047404513689600,1126999419520001
51,1180592747716830822400,1099512676352
51,1181744543321529778176,1099512677377
51,1048576,1210107565283850612375552
51,1181744543321530826752,1099512676352
51,1126999418471424,1099512677376
51,1152921504606846976,1154048504026366977
51,1181745669221437669376,1099512676352
51,1181745668121924994048,1126999419520000
51,1125899906843648,1126999419520000
51,1125899906842624,1126999419520001
51,1181744543321529779200,1099512677376
51,1152921504607895552,1154048504026365952
51,1125899907892224,1126999419518976
52,562949953945600,563499709759488
52,590872271111009599488,577024252013182976
52,577023702256844800,563499709760000
52,549755813888,549756338688
52,549756338176,549756338176
52,576461302059761664,549756338176
52,590295810358705651712,590872834610718835200
52,0,605053782641925306188288
52,577024252013182976,549756338176
52,563499709759488,549756338176
52,590872834060962496512,563499709760000
52,563499709235200,549756338688
52,590295810908461989888,549756338176
52,562949953421312,563499709760000
52,590872271111009075200,577024252013183488
52,590296373858415411200,549756338176
52,576461302059237376,549756338688
52,576460752303947776,577024252013182976
52,590296373308659597312,563499709759488
52,577024252012658688,549756338688
52,590295810358706176000,590872834610718834688
52,524288,605053782641925306187776
52,590296373308659073024,563499709760000
52,590872834060963020800,563499709759488
52,590872834610718834688,549756338176
52,590872271660764889088,549756338688
52,590872271660765413376,549756338176
52,590296373858414886912,549756338688
52,577023702257369088,563499709759488
52,590295810908461465600,549756338688
52,576460752303423488,577024252013183488
52,590872834610718310400,549756338688
53,274877906944,274878169088
53,288511851128422400,281749854879744
53,295436417030481248256,281749854879744
53,295148186654329536512,281749854879744
53,0,302526891320962653093888
53,288512126006329344,274878169088
53,295148186929207443456,274878169088
53,288230376151711744,288512126006591488
53,295147905454230732800,274878169088
53,281749854617600,274878169088
53,295147905179352825856,295436417305359417344
53,295436135555504537600,288512126006591488
53,295436135830382444544,274878169088
53,295436417305359155200,274878169088
53,288230651029618688,274878169088
53,281474976710656,281749854879744
54,147573952727115366400,137438953472
54,147574093327164768256,140874927308800
54,140737488355328,140874927308800
54,147718208652679577600,137438953472
54,0,151263445660481326415872
54,140874927308800,137438953472
54,144256063003164672,137438953472
54,147574093464603721728,137438953472
54,137438953472,137438953472
54,147573952589676412928,147718208652679577600
54,144255925564211200,140874927308800
54,144115325514809344,137438953472
54,147718208515240624128,140874927308800
54,147718067915191222272,137438953472
54,147718067777752268800,144256063003164672
54,144115188075855872,144256063003164672
55,0,65600
55,65536,65536
56,0,34359771168
56,32768,34359771136
57,0,17609365930000
57,17179885568,17179885568
57,16384,17609365929984
57,17179869184,17179885584
58,0,9016003937705992
58,8804682956800,8589942792
58,8804682964992,8589942784
58,8192,9016003937705984
58,8796093030400,8804682964992
58,8796093022208,8804682965000
58,8589942784,8589942784
58,8589934592,8589942792
59,4507997673885696,4402341482496
59,4508001968848896,4294971396
59,4507997673881600,4402341482500
59,4096,4616194020396240896
59,0,4616194020396240900
59,4503603922337792,4294971396
59,4503599627370496,4508001968852996
59,4398046511104,4402341482500
59,4294967296,4294971396
59,4402341478400,4294971396
59,4402341482496,4294971392
59,4503603922341888,4294971392
59,4508001968852992,4294971392
59,4503599627374592,4508001968852992
59,4294971392,4294971392
59,4398046515200,4402341482496
60,2251799813687296,2254000984426496
60,2305845210384433152,2147485698
60,2308094809027381248,2254000984426496
60,2201170741248,2147485696
60,2254000984424448,2147485698
60,2305845210384435200,2147485696
60,2251801961170944,2147485696
60,2147483648,2147485698
60,2305843009213696000,2308097010198120448
60,2308097008050636800,2201170741248
60,0,2363491338445020727298
60,2305845208236949504,2201170741250
60,2308094811174862848,2147485698
60,2308097010198118400,2147485698
60,2199023257600,2201170741248
60,2147485696,2147485696
60,2253998836940800,2201170741250
60,2308097008050634752,2201170741250
60,2048,2363491338445020727296
60,2251801961168896,2147485698
60,2199023255552,2201170741250
60,2305843011361179648,2147485696
60,2201170739200,2147485698
60,2305843011361177600,2147485698
60,2308097010198120448,2147485696
60,2251799813685248,2254000984426498
60,2254000984426496,2147485696
60,2308094809027379200,2254000984426498
60,2305845208236951552,2201170741248
60,2308094811174864896,2147485696
60,2253998836942848,2201170741248
60,2305843009213693952,2308097010198120450
61,1152921505680588800,1073742849
61,1154048504025318400,1100585370624
61,1181744542223091892224,1073742849
61,1152921504606848000,1154048505099060224
61,1180591621816922932224,1100585370624
61,1180592747716829773824,1100585370625
61,1181744543322603520000,1073742849
61,1024,1210107565283851685069824
61,1099511627776,1100585370625
61,1181744543322603521024,1073742848
61,1181745669221436620800,1100585370625
61,1181745669222510363648,1073742848
61,1152922604118475776,1100585370624
61,1180592746618391888896,1073742848
61,1180592746618391887872,1073742849
61,1180591621816922931200,1100585370625
61,1181745668121924993024,1127000492213249
61,1181744542223091893248,1073742848
61,1180591620717411304448,1181745669222510363648
61,1125900980584448,1073742849
61,1125900980585472,1073742848
61,1181744542222018151424,1154048505099060224
61,1180591620717411303424,1181745669222510363649
61,1154048504025317376,1100585370625
61,1180592746617318146048,1127000492213249
61,1180591621817996673024,1073742849
61,1100585370624,1073742848
61,1180591620718485045248,1073742849
61,1154047405587431424,1073742849
61,1127000492213248,1073742848
61,1181745669221436621824,1100585370624
61,1152922605192217600,1073742848
61,1073741824,1073742849
61,1180592747717903516672,1073742848
61,1180591620718485046272,1073742848
61,1180592746617318147072,1127000492213248
61,1181745668122998735872,1073742848
61,0,1210107565283851685069825
61,1154047405587432448,1073742848
61,1154047404513690624,1127000492213248
61,1180592747716829774848,1100585370624
61,1154048505099060224,1073742848
61,1181745669222510362624,1073742849
61,1181745668122998734848,1073742849
61,1099511628800,1100585370624
61,1126999418470400,1100585370625
61,1180591621817996674048,1073742848
61,1181744542222018150400,1154048505099060225
61,1152922605192216576,1073742849
61,1152922604118474752,1100585370625
61,1154047404513689600,1127000492213249
61,1073742848,1073742848
61,1181744543321529778176,1100585370625
61,1100585369600,1073742849
61,1180592747717903515648,1073742849
61,1126999418471424,1100585370624
61,1127000492212224,1073742849
61,1152921504606846976,1154048505099060225
61,1181745668121924994048,1127000492213248
61,1125899906843648,1127000492213248
61,1154048505099059200,1073742849
61,1125899906842624,1127000492213249
61,1181744543321529779200,1100585370624
61,1152921505680589824,1073742848
62,576460752840294400,536871424
62,590872834611255181312,536871424
62,536870912,536871424
62,577023702256844800,563500246106624
62,549755813888,550292685312
62,577024252549529600,536871424
62,563500246106112,536871424
62,0,605053782641925842534912
62,562950490292224,536871424
62,577023702793715712,536871424
62,590295810358705651712,590872834611255181824
62,550292684800,536871424
62,590872834060962496512,563500246106624
62,563499709235200,550292685312
62,590872271111545946112,536871424
62,562949953421312,563500246106624
62,576461302596108288,536871424
62,590872271111009075200,577024252549530112
62,590296373858951757824,536871424
62,576461302059237376,550292685312
62,590295810359242522624,536871424
62,577024252012658688,550292685312
62,590296373308659073024,563500246106624
62,590872834061499367424,536871424
62,590872271660764889088,550292685312
62,590295810908998336512,536871424
62,590296373858414886912,550292685312
62,590872271661301760000,536871424
62,590295810908461465600,550292685312
62,576460752303423488,577024252549530112
62,590296373309195943936,536871424
62,590872834610718310400,550292685312
63,274877906944,275146342400
63,281475245146112,268435456
63,288511851128422400,281750123053056
63,295436417030481248256,281750123053056
63,295148186654329536512,281750123053056
63,0,302526891320962921267200
63,288512126006329344,275146342400
63,288511851396857856,268435456
63,295436417030749683712,268435456
63,288230376420147200,268435456
63,295148186654597971968,268435456
63,295436135830650880000,268435456
63,295148186929207443456,275146342400
63,268435456,268435456
63,288512126274764800,268435456
63,288230376151711744,288512126274764800
63,281750123053056,268435456
63,295147905454230732800,275146342400
63,275146342400,268435456
63,281749854617600,275146342400
63,295147905179352825856,295436417305627590656
63,295436135555504537600,288512126274764800
63,288230651298054144,268435456
63,295436135555772973056,268435456
63,295436135830382444544,275146342400
63,295436417305359155200,275146342400
63,288230651029618688,275146342400
63,295147905454499168256,268435456
63,295436417305627590656,268435456
63,281474976710656,281750123053056
63,295147905179621261312,268435456
63,295148186929475878912,268435456
64,5,0
64,56,0
64,35,0
64,55,0
64,110,0
64,114,0
64,123,0
64,60,0
64,30,0
64,32,0
64,6,0
64,67,0
64,45,0
64,117,0
64,73,0
64,115,0
64,112,0
64,64,0
64,90,0
64,4,0
64,13,0
64,54,0
64,63,0
64,86,0
64,104,0
64,91,0
64,62,0
64,122,0
64,58,0
64,52,0
64,12,0
64,28,0
64,75,0
64,23,0
64,111,0
64,92,0
64,41,0
64,43,0
64,11,0
64,36,0
64,68,0
64,69,0
64,98,0
64,82,0
64,85,0
64,118,0
64,119,0
64,125,0
64,39,0
64,84,0
64,77,0
64,7,0
64,25,0
64,95,0
64,126,0
64,108,0
64,71,0
64,66,0
64,76,0
64,103,0
64,34,0
64,50,0
64,59,0
64,93,0
64,2,0
64,10,0
64,18,0
64,26,0
64,27,0
64,124,0
64,42,0
64,87,0
64,127,0
64,116,0
64,100,0
64,79,0
64,16,0
64,20,0
64,81,0
64,19,0
64,0,128
64,49,0
64,44,0
64,9,0
64,31,0
64,74,0
64,106,0
64,109,0
64,61,0
64,29,0
64,94,0
64,107,0
64,46,0
64,57,0
64,102,0
64,70,0
64,21,0
64,38,0
64,88,0
64,120,0
64,101,0
64,78,0
64,105,0
64,72,0
64,24,0
64,8,0
64,17,0
64,37,0
64,1,0
64,53,0
64,22,0
64,47,0
64,83,0
64,99,0
64,121,0
64,89,0
64,14,0
64,3,0
64,80,0
64,96,0
64,51,0
64,33,0
64,40,0
64,48,0
64,113,0
64,15,0
64,65,0
64,97,0
65,5,0
65,56,0
65,35,0
65,55,0
65,110,0
65,114,0
65,123,0
65,60,0
65,30,0
65,32,0
65,6,0
65,67,0
65,45,0
65,117,0
65,73,0
65,115,0
65,112,0
65,64,0
65,90,0
65,4,0
65,13,0
65,54,0
65,63,0
65,86,0
65,104,0
65,91,0
65,62,0
65,122,0
65,58,0
65,52,0
65,12,0
65,28,0
65,75,0
65,23,0
65,111,0
65,92,0
65,41,0
65,43,0
65,11,0
65,36,0
65,68,0
65,69,0
65,98,0
65,82,0
65,85,0
65,118,0
65,119,0
65,125,0
65,39,0
65,84,0
65,77,0
65,7,0
65,25,0
65,95,0
65,126,0
65,108,0
65,71,0
65,66,0
65,76,0
65,103,0
65,34,0
65,50,0
65,59,0
65,93,0
65,2,0
65,10,0
65,18,0
65,26,0
65,27,0
65,124,0
65,42,0
65,87,0
65,127,0
65,116,0
65,100,0
65,79,0
65,16,0
65,20,0
65,81,0
65,19,0
65,0,67108928
65,49,0
65,44,0
65,9,0
65,31,0
65,74,0
65,106,0
65,109,0
65,61,0
65,29,0
65,94,0
65,107,0
65,46,0
65,57,0
65,102,0
65,70,0
65,21,0
65,38,0
65,88,0
65,120,0
65,101,0
65,78,0
65,105,0
65,72,0
65,24,0
65,8,0
65,17,0
65,37,0
65,1,0
65,53,0
65,22,0
65,47,0
65,83,0
65,99,0
65,121,0
65,89,0
65,14,0
65,3,0
65,80,0
65,96,0
65,51,0
65,33,0
65,40,0
65,48,0
65,113,0
65,15,0
65,65,0
65,97,0
66,0,34393292832
66,33554432,33554464
67,0,17609382690832
67,16777216,16777232
67,17196646400,16777232
67,17179869184,17196646416
68,0,9016003946086408
68,8589934592,8598323208
68,8804682956800,8598323208
68,8804691345408,8388616
68,8796093022208,8804691345416
68,8598323200,8388616
68,8796101410816,8388616
68,8388608,8388616
69,4508001968848896,4299161604
69,4507997673881600,4402345672708
69,4299161600,4194308
69,0,4616194020400431108
69,4402345672704,4194308
69,4503599627370496,4508001973043204
69,4503599631564800,4194308
69,4398046511104,4402345672708
69,4294967296,4299161604
69,4503603922337792,4299161604
69,4507997678075904,4194308
69,4402341478400,4299161604
69,4194304,4194308
69,4398050705408,4194308
69,4508001973043200,4194308
69,4503603926532096,4194308
70,2305845210384433152,2149580802
70,2254000984424448,2149580802
70,2308097008052731904,2097154
70,2201172836352,2097154
70,2305843011363274752,2097154
70,2147483648,2149580802
70,2253998839037952,2097154
70,0,2363491338445022822402
70,2251799815782400,2097154
70,2305843009215791104,2097154
70,2305845208236949504,2201172836354
70,2308097010200215552,2097154
70,2251801963266048,2097154
70,2308094811174862848,2149580802
70,2308097010198118400,2149580802
70,2305845210386530304,2097154
70,2308094811176960000,2097154
70,2308094809029476352,2097154
70,2253998836940800,2201172836354
70,2149580800,2097154
70,2308097008050634752,2201172836354
70,2251801961168896,2149580802
70,2199023255552,2201172836354
70,2201170739200,2149580802
70,2097152,2097154
70,2199025352704,2097154
70,2305843011361177600,2149580802
70,2251799813685248,2254000986521602
70,2305845208239046656,2097154
70,2308094809027379200,2254000986521602
70,2254000986521600,2097154
70,2305843009213693952,2308097010200215554
71,1152921505680588800,1074790401
71,1180592746618392936448,1048577
71,1100586418176,1048577
71,1181744542223091892224,1074790401
71,1181744542222019198976,1048577
71,1180592747716829773824,1100586418177
71,1181744543322603520000,1074790401
71,1099511627776,1100586418177
71,1181745669221436620800,1100586418177
71,1152922604119523328,1048577
71,1127000493260800,1048577
71,1180592746618391887872,1074790401
71,1180591621816922931200,1100586418177
71,1181745668121924993024,1127000493260801
71,1126999419518976,1048577
71,1125900980584448,1074790401
71,1181745668122999783424,1048577
71,1154047404514738176,1048577
71,1180591620717411303424,1181745669222511411201
71,1154048504025317376,1100586418177
71,1181744542223092940800,1048577
71,1180592746617318146048,1127000493260801
71,1180591621817996673024,1074790401
71,1180592747717904564224,1048577
71,1180591620718485045248,1074790401
71,1154047405587431424,1074790401
71,1180591620718486093824,1048577
71,1180592746617319194624,1048577
71,1180591620717412352000,1048577
71,1073741824,1074790401
71,1154048505100107776,1048577
71,0,1210107565283851686117377
71,1074790400,1048577
71,1181745669222511411200,1048577
71,1099512676352,1048577
71,1180591621816923979776,1048577
71,1181745669222510362624,1074790401
71,1125899907891200,1048577
71,1154048504026365952,1048577
71,1181745668122998734848,1074790401
71,1152922605193265152,1048577
71,1126999418470400,1100586418177
71,1181744542222018150400,1154048505100107777
71,1152922605192216576,1074790401
71,1152922604118474752,1100586418177
71,1125900981633024,1048577
71,1154047404513689600,1127000493260801
71,1180592747716830822400,1048577
71,1181744543321529778176,1100586418177
71,1048576,1048577
71,1100585369600,1074790401
71,1181744543322604568576,1048577
71,1180592747717903515648,1074790401
71,1181744543321530826752,1048577
71,1127000492212224,1074790401
71,1152921504606846976,1154048505100107777
71,1181745669221437669376,1048577
71,1154047405588480000,1048577
71,1154048505099059200,1074790401
71,1180591621817997721600,1048577
71,1125899906842624,1127000493260801
71,1152921505681637376,1048577
71,1152921504607895552,1048577
71,1181745668121926041600,1048577
72,577023702256844800,563500246630400
72,576461302059761664,524288
72,590295810358705651712,590872834611255705600
72,562950490292224,537395200
72,563500246630400,524288
72,590872271111009075200,577024252550053888
72,590296373858415411200,524288
72,590295810359242522624,537395200
72,576460752303947776,524288
72,577023702794240000,524288
72,590872834610718834688,524288
72,576460752303423488,577024252550053888
72,590296373858952282112,524288
72,590872834061499891712,524288
72,590872834611255705600,524288
72,562949953945600,524288
72,536870912,537395200
72,577024252549529600,537395200
72,590872834611255181312,537395200
72,549756338176,524288
72,563500246106112,537395200
72,550292684800,537395200
72,590872834060962496512,563500246630400
72,563499709235200,550293209088
72,590872271111545946112,537395200
72,562949953421312,563500246630400
72,576461302596108288,537395200
72,590296373309196468224,524288
72,590872834061499367424,537395200
72,590872834060963020800,524288
72,590872271660765413376,524288
72,590296373309195943936,537395200
72,590872834610718310400,550293209088
72,576460752840294400,537395200
72,549755813888,550293209088
72,0,605053782641925843058688
72,563499709759488,524288
72,550293209088,524288
72,576460752840818688,524288
72,590295810359243046912,524288
72,590296373308659597312,524288
72,590872271661302284288,524288
72,577024252012658688,550293209088
72,590295810358706176000,524288
72,590872271660764889088,550293209088
72,590295810908998860800,524288
72,590296373858414886912,550293209088
72,590872271661301760000,537395200
72,577023702257369088,524288
72,590872271111009599488,524288
72,576461302596632576,524288
72,577024252550053888,524288
72,577024252013182976,524288
72,577023702793715712,537395200
72,537395200,524288
72,590295810908461989888,524288
72,590872271111546470400,524288
72,590296373858951757824,537395200
72,576461302059237376,550293209088
72,590296373308659073024,563500246630400
72,524288,524288
72,590295810908998336512,537395200
72,590295810908461465600,550293209088
72,562950490816512,524288
73,5,0
73,56,0
73,35,0
73,55,0
73,110,0
73,114,0
73,123,0
73,60,0
73,30,0
73,32,0
73,6,0
73,67,0
73,45,0
73,117,0
73,73,0
73,115,0
73,112,0
73,64,0
73,90,0
73,4,0
73,13,0
73,54,0
73,63,0
73,86,0
73,104,0
73,91,0
73,62,0
73,122,0
73,58,0
73,52,0
73,12,0
73,28,0
73,75,0
73,23,0
73,111,0
73,92,0
73,41,0
73,43,0
73,11,0
73,36,0
73,68,0
73,69,0
73,98,0
73,82,0
73,85,0
73,118,0
73,119,0
73,125,0
73,39,0
73,84,0
73,77,0
73,7,0
73,25,0
73,95,0
73,126,0
73,108,0
73,71,0
73,66,0
73,76,0
73,103,0
73,34,0
73,50,0
73,59,0
73,93,0
73,2,0
73,10,0
73,18,0
73,26,0
73,27,0
73,124,0
73,42,0
73,87,0
73,127,0
73,116,0
73,100,0
73,79,0
73,16,0
73,20,0
73,81,0
73,19,0
73,0,0
73,49,0
73,44,0
73,9,0
73,31,0
73,74,0
73,106,0
73,109,0
73,61,0
73,29,0
73,94,0
73,107,0
73,46,0
73,57,0
73,102,0
73,70,0
73,21,0
73,38,0
73,88,0
73,120,0
73,101,0
73,78,0
73,105,0
73,72,0
73,24,0
73,8,0
73,17,0
73,37,0
73,1,0
73,53,0
73,22,0
73,47,0
73,83,0
73,99,0
73,121,0
73,89,0
73,14,0
73,3,0
73,80,0
73,96,0
73,51,0
73,33,0
73,40,0
73,48,0
73,113,0
73,15,0
73,65,0
73,97,0
74,5,0
74,56,0
74,35,0
74,55,0
74,110,0
74,114,0
74,123,0
74,60,0
74,30,0
74,32,0
74,6,0
74,67,0
74,45,0
74,117,0
74,73,0
74,115,0
74,112,0
74,64,0
74,90,0
74,4,0
74,13,0
74,54,0
74,63,0
74,86,0
74,104,0
74,91,0
74,62,0
74,122,0
74,58,0
74,52,0
74,12,0
74,28,0
74,75,0
74,23,0
74,111,0
74,92,0
74,41,0
74,43,0
74,11,0
74,36,0
74,68,0
74,69,0
74,98,0
74,82,0
74,85,0
74,118,0
74,119,0
74,125,0
74,39,0
74,84,0
74,77,0
74,7,0
74,25,0
74,95,0
74,126,0
74,108,0
74,71,0
74,66,0
74,76,0
74,103,0
74,34,0
74,50,0
74,59,0
74,93,0
74,2,0
74,10,0
74,18,0
74,26,0
74,27,0
74,124,0
74,42,0
74,87,0
74,127,0
74,116,0
74,100,0
74,79,0
74,16,0
74,20,0
74,81,0
74,19,0
74,0,131072
74,49,0
74,44,0
74,9,0
74,31,0
74,74,0
74,106,0
74,109,0
74,61,0
74,29,0
74,94,0
74,107,0
74,46,0
74,57,0
74,102,0
74,70,0
74,21,0
74,38,0
74,88,0
74,120,0
74,101,0
74,78,0
74,105,0
74,72,0
74,24,0
74,8,0
74,17,0
74,37,0
74,1,0
74,53,0
74,22,0
74,47,0
74,83,0
74,99,0
74,121,0
74,89,0
74,14,0
74,3,0
74,80,0
74,96,0
74,51,0
74,33,0
74,40,0
74,48,0
74,113,0
74,15,0
74,65,0
74,97,0
75,0,67174400
75,65536,65536
76,0,34393325568
76,33554432,33587200
76,33587200,32768
76,32768,32768
77,0,17609382707200
77,16777216,16793600
77,16793600,16384
77,17196646400,16793600
77,17179885568,16384
77,17196662784,16384
77,16384,16384
77,17179869184,17196662784
78,8804682964992,8192
78,8589942784,8192
78,8796101410816,8396800
78,8598331392,8192
78,0,9016003946094592
78,8192,8192
78,8804691345408,8396800
78,8598323200,8396800
78,8796101419008,8192
78,8796093022208,8804691353600
78,8396800,8192
78,8589934592,8598331392
78,8804682956800,8598331392
78,8804691353600,8192
78,8796093030400,8192
78,8388608,8396800
79,4507997673885696,4096
79,4398050709504,4096
79,4402345676800,4096
79,4508001973047296,4096
79,4508001968848896,4299165696
79,4507997673881600,4402345676800
79,4096,4096
79,4299161600,4198400
79,0,4616194020400435200
79,4402345672704,4198400
79,4503599627370496,4508001973047296
79,4503599631564800,4198400
79,4398046511104,4402345676800
79,4294967296,4299165696
79,4503603922337792,4299165696
79,4503603926536192,4096
79,4507997678075904,4198400
79,4507997678080000,4096
79,4402341478400,4299165696
79,4299165696,4096
79,4402341482496,4096
79,4194304,4198400
79,4503603922341888,4096
79,4398050705408,4198400
79,4508001973043200,4198400
79,4503599631568896,4096
79,4508001968852992,4096
79,4503603926532096,4198400
79,4198400,4096
79,4503599627374592,4096
79,4294971392,4096
79,4398046515200,4096
80,2251799813687296,2048
80,2308094809027381248,2048
80,2305845210384435200,2048
80,2201172836352,2099200
80,2147483648,2149582848
80,2305843009213696000,2048
80,2308097008050636800,2048
80,2253998839040000,2048
80,2251799815782400,2099200
80,2308097010200215552,2099200
80,2308097008052733952,2048
80,2149580800,2099200
80,2048,2048
80,2199023255552,2201172838400
80,2199025352704,2099200
80,2305845208239046656,2099200
80,2308097010198120448,2048
80,2254000986521600,2099200
80,2305845208236951552,2048
80,2305843009213693952,2308097010200217600
80,2305843011363276800,2048
80,2308097008052731904,2099200
80,2305843011363274752,2099200
80,2253998839037952,2099200
80,2251801963268096,2048
80,2149582848,2048
80,2305845210386532352,2048
80,2199023257600,2048
80,2305845210386530304,2099200
80,2305843009215793152,2048
80,2253998836940800,2201172838400
80,2251801961168896,2149582848
80,2305845208239048704,2048
80,2305843011361177600,2149582848
80,2099200,2048
80,2308094809027379200,2254000986523648
80,2308097010200217600,2048
80,2199025354752,2048
80,2305845210384433152,2149582848
80,2251801961170944,2048
80,0,2363491338445022824448
80,2308094811176962048,2048
80,2305843009215791104,2099200
80,2305845208236949504,2201172838400
80,2251801963266048,2099200
80,2308094811174862848,2149582848
80,2308094811176960000,2099200
80,2147485696,2048
80,2308097008050634752,2201172838400
80,2201170739200,2149582848
80,2097152,2099200
80,2251799813685248,2254000986523648
80,2251799815784448,2048
80,2253998836942848,2048
80,2201170741248,2048
80,2254000984424448,2149582848
80,2254000986523648,2048
80,2201172838400,2048
80,2308097010198118400,2149582848
80,2308094809029476352,2099200
80,2305843011361179648,2048
80,2308094809029478400,2048
80,2254000984426496,2048
80,2308094811174864896,2048
81,1180591620717412353024,1024
81,1152921505680588800,1074791424
81,1180592746618392936448,1049600
81,1181745668121926041600,1049600
81,1100586418176,1049600
81,1154048504025318400,1024
81,1181744542223091892224,1074791424
81,1181745668122999784448,1024
81,1126999419520000,1024
81,1181744542222019198976,1049600
81,1180592747716830823424,1024
81,1152921504606848000,1024
81,1154048504026366976,1024
81,1180591621816922932224,1024
81,1181744542222019200000,1024
81,1180592747716829773824,1100586419200
81,1181744543322603520000,1074791424
81,1024,1024
81,1099511627776,1100586419200
81,1152921504607896576,1024
81,1181744543322603521024,1024
81,1152922604119523328,1049600
81,1181745669221436620800,1100586419200
81,1181745669222510363648,1024
81,1127000493260800,1049600
81,1152922604118475776,1024
81,1180592746618391888896,1024
81,1181744542223092941824,1024
81,1180592746618391887872,1074791424
81,1180591621816922931200,1100586419200
81,1180591621817997722624,1024
81,1181745668121924993024,1127000493261824
81,1181745669222511412224,1024
81,1126999419518976,1049600
81,1181744542223091893248,1024
81,1154047404514739200,1024
81,1180591620717411304448,1024
81,1181745668121926042624,1024
81,1181745669221437670400,1024
81,1125900980584448,1074791424
81,1180591621816923980800,1024
81,1049600,1024
81,1152921505681638400,1024
81,1181745668122999783424,1049600
81,1154047404514738176,1049600
81,1125900980585472,1024
81,1181744542222018151424,1024
81,1154047405588481024,1024
81,1180591620717411303424,1181745669222511412224
81,1154048504025317376,1100586419200
81,1181744542223092940800,1049600
81,1180592746617318146048,1127000493261824
81,1180591621817996673024,1074791424
81,1180592747717904564224,1049600
81,1100585370624,1024
81,1100586419200,1024
81,1180591620718485045248,1074791424
81,1180592746618392937472,1024
81,1154047405587431424,1074791424
81,1180591620718486093824,1049600
81,1127000492213248,1024
81,1180592746617319195648,1024
81,1181745669221436621824,1024
81,1180592746617319194624,1049600
81,1152922605192217600,1024
81,1073741824,1074791424
81,1180591620717412352000,1049600
81,1180591620718485046272,1024
81,1180592747717903516672,1024
81,1180592746617318147072,1024
81,1154048505100107776,1049600
81,1181744543322604569600,1024
81,1181745668122998735872,1024
81,0,1210107565283851686118400
81,1154047405587432448,1024
81,1154047404513690624,1024
81,1074790400,1049600
81,1180592747716829774848,1024
81,1181744543321530827776,1024
81,1181745669222511411200,1049600
81,1099512676352,1049600
81,1154048505099060224,1024
81,1180591621816923979776,1049600
81,1181745669222510362624,1074791424
81,1125899907891200,1049600
81,1154048504026365952,1049600
81,1125900981634048,1024
81,1074791424,1024
81,1152922605193266176,1024
81,1181745668122998734848,1074791424
81,1099511628800,1024
81,1152922605193265152,1049600
81,1126999418470400,1100586419200
81,1180591621817996674048,1024
81,1181744542222018150400,1154048505100108800
81,1152922604119524352,1024
81,1154048505100108800,1024
81,1099512677376,1024
81,1152922605192216576,1074791424
81,1152922604118474752,1100586419200
81,1125900981633024,1049600
81,1154047404513689600,1127000493261824
81,1180592747716830822400,1049600
81,1073742848,1024
81,1180592747717904565248,1024
81,1181744543321529778176,1100586419200
81,1048576,1049600
81,1100585369600,1074791424
81,1181744543322604568576,1049600
81,1180592747717903515648,1074791424
81,1181744543321530826752,1049600
81,1126999418471424,1024
81,1127000492212224,1074791424
81,1127000493261824,1024
81,1152921504606846976,1154048505100108800
81,1181745669221437669376,1049600
81,1181745668121924994048,1024
81,1125899906843648,1024
81,1154047405588480000,1049600
81,1154048505099059200,1074791424
81,1180591621817997721600,1049600
81,1125899906842624,1127000493261824
81,1181744543321529779200,1024
81,1180591620718486094848,1024
81,1152921505680589824,1024
81,1152921505681637376,1049600
81,1152921504607895552,1049600
81,1125899907892224,1024
