0,0,0
0,1,1
0,2,1
0,3,1
0,4,1
0,5,1
0,6,1
0,7,1
0,8,1
0,9,9
0,10,10
0,11,0
0,12,0
0,13,0
0,14,0
0,15,0
0,16,0
0,17,0
0,18,9
0,19,19
0,20,10
0,21,0
0,22,0
0,23,0
0,24,0
0,25,0
0,26,0
0,27,9
0,28,0
0,29,0
0,30,10
0,31,0
0,32,0
0,33,0
0,34,0
0,35,0
0,36,9
0,37,0
0,38,0
0,39,0
0,40,10
0,41,0
0,42,0
0,43,0
0,44,0
0,45,9
0,46,0
0,47,0
0,48,0
0,49,0
0,50,10
0,51,0
0,52,0
0,53,0
0,54,9
0,55,0
0,56,0
0,57,0
0,58,0
0,59,0
0,60,10
0,61,0
0,62,0
0,63,9
0,64,0
0,65,0
0,66,0
0,67,0
0,68,0
0,69,0
0,70,10
0,71,0
0,72,9
0,73,0
0,74,0
0,75,0
0,76,0
0,77,0
0,78,0
0,79,0
0,80,10
1,0,-1
1,1,0
1,2,1
1,3,1
1,4,1
1,5,1
1,6,1
1,7,1
1,8,1
1,9,8
1,10,9
1,11,10
1,12,0
1,13,0
1,14,0
1,15,0
1,16,0
1,17,0
1,18,17
1,19,9
1,20,19
1,21,10
1,22,0
1,23,0
1,24,0
1,25,0
1,26,0
1,27,0
1,28,9
1,29,0
1,30,0
1,31,10
1,32,0
1,33,0
1,34,0
1,35,0
1,36,0
1,37,9
1,38,0
1,39,0
1,40,0
1,41,10
1,42,0
1,43,0
1,44,0
1,45,0
1,46,9
1,47,0
1,48,0
1,49,0
1,50,0
1,51,10
1,52,0
1,53,0
1,54,0
1,55,9
1,56,0
1,57,0
1,58,0
1,59,0
1,60,0
1,61,10
1,62,0
1,63,0
1,64,9
1,65,0
1,66,0
1,67,0
1,68,0
1,69,0
1,70,0
1,71,10
1,72,0
1,73,9
1,74,0
1,75,0
1,76,0
1,77,0
1,78,0
1,79,0
1,80,0
2,0,-1
2,1,-1
2,2,0
2,3,1
2,4,1
2,5,1
2,6,1
2,7,1
2,8,1
2,9,0
2,10,8
2,11,9
2,12,10
2,13,0
2,14,0
2,15,0
2,16,0
2,17,0
2,18,8
2,19,17
2,20,9
2,21,19
2,22,10
2,23,0
2,24,0
2,25,0
2,26,0
2,27,0
2,28,0
2,29,9
2,30,0
2,31,0
2,32,10
2,33,0
2,34,0
2,35,0
2,36,0
2,37,0
2,38,9
2,39,0
2,40,0
2,41,0
2,42,10
2,43,0
2,44,0
2,45,0
2,46,0
2,47,9
2,48,0
2,49,0
2,50,0
2,51,0
2,52,10
2,53,0
2,54,0
2,55,0
2,56,9
2,57,0
2,58,0
2,59,0
2,60,0
2,61,0
2,62,10
2,63,0
2,64,0
2,65,9
2,66,0
2,67,0
2,68,0
2,69,0
2,70,0
2,71,0
2,72,0
2,73,0
2,74,9
2,75,0
2,76,0
2,77,0
2,78,0
2,79,0
2,80,0
3,0,-1
3,1,-1
3,2,-1
3,3,0
3,4,1
3,5,1
3,6,1
3,7,1
3,8,1
3,9,0
3,10,0
3,11,8
3,12,9
3,13,10
3,14,0
3,15,0
3,16,0
3,17,0
3,18,0
3,19,8
3,20,17
3,21,9
3,22,19
3,23,10
3,24,0
3,25,0
3,26,0
3,27,8
3,28,0
3,29,0
3,30,9
3,31,0
3,32,0
3,33,10
3,34,0
3,35,0
3,36,0
3,37,0
3,38,0
3,39,9
3,40,0
3,41,0
3,42,0
3,43,10
3,44,0
3,45,0
3,46,0
3,47,0
3,48,9
3,49,0
3,50,0
3,51,0
3,52,0
3,53,10
3,54,0
3,55,0
3,56,0
3,57,9
3,58,0
3,59,0
3,60,0
3,61,0
3,62,0
3,63,0
3,64,0
3,65,0
3,66,9
3,67,0
3,68,0
3,69,0
3,70,0
3,71,0
3,72,0
3,73,0
3,74,0
3,75,9
3,76,0
3,77,0
3,78,0
3,79,0
3,80,0
4,0,-1
4,1,-1
4,2,-1
4,3,-1
4,4,0
4,5,1
4,6,1
4,7,1
4,8,1
4,9,0
4,10,0
4,11,0
4,12,8
4,13,9
4,14,10
4,15,0
4,16,0
4,17,0
4,18,0
4,19,0
4,20,8
4,21,17
4,22,9
4,23,19
4,24,10
4,25,0
4,26,0
4,27,0
4,28,8
4,29,0
4,30,0
4,31,9
4,32,0
4,33,0
4,34,10
4,35,0
4,36,8
4,37,0
4,38,0
4,39,0
4,40,9
4,41,0
4,42,0
4,43,0
4,44,10
4,45,0
4,46,0
4,47,0
4,48,0
4,49,9
4,50,0
4,51,0
4,52,0
4,53,0
4,54,0
4,55,0
4,56,0
4,57,0
4,58,9
4,59,0
4,60,0
4,61,0
4,62,0
4,63,0
4,64,0
4,65,0
4,66,0
4,67,9
4,68,0
4,69,0
4,70,0
4,71,0
4,72,0
4,73,0
4,74,0
4,75,0
4,76,9
4,77,0
4,78,0
4,79,0
4,80,0
5,0,-1
5,1,-1
5,2,-1
5,3,-1
5,4,-1
5,5,0
5,6,1
5,7,1
5,8,1
5,9,0
5,10,0
5,11,0
5,12,0
5,13,8
5,14,9
5,15,10
5,16,0
5,17,0
5,18,0
5,19,0
5,20,0
5,21,8
5,22,17
5,23,9
5,24,19
5,25,10
5,26,0
5,27,0
5,28,0
5,29,8
5,30,0
5,31,0
5,32,9
5,33,0
5,34,0
5,35,10
5,36,0
5,37,8
5,38,0
5,39,0
5,40,0
5,41,9
5,42,0
5,43,0
5,44,0
5,45,8
5,46,0
5,47,0
5,48,0
5,49,0
5,50,9
5,51,0
5,52,0
5,53,0
5,54,0
5,55,0
5,56,0
5,57,0
5,58,0
5,59,9
5,60,0
5,61,0
5,62,0
5,63,0
5,64,0
5,65,0
5,66,0
5,67,0
5,68,9
5,69,0
5,70,0
5,71,0
5,72,0
5,73,0
5,74,0
5,75,0
5,76,0
5,77,9
5,78,0
5,79,0
5,80,0
6,0,-1
6,1,-1
6,2,-1
6,3,-1
6,4,-1
6,5,-1
6,6,0
6,7,1
6,8,1
6,9,0
6,10,0
6,11,0
6,12,0
6,13,0
6,14,8
6,15,9
6,16,10
6,17,0
6,18,0
6,19,0
6,20,0
6,21,0
6,22,8
6,23,17
6,24,9
6,25,19
6,26,10
6,27,0
6,28,0
6,29,0
6,30,8
6,31,0
6,32,0
6,33,9
6,34,0
6,35,0
6,36,0
6,37,0
6,38,8
6,39,0
6,40,0
6,41,0
6,42,9
6,43,0
6,44,0
6,45,0
6,46,8
6,47,0
6,48,0
6,49,0
6,50,0
6,51,9
6,52,0
6,53,0
6,54,8
6,55,0
6,56,0
6,57,0
6,58,0
6,59,0
6,60,9
6,61,0
6,62,0
6,63,0
6,64,0
6,65,0
6,66,0
6,67,0
6,68,0
6,69,9
6,70,0
6,71,0
6,72,0
6,73,0
6,74,0
6,75,0
6,76,0
6,77,0
6,78,9
6,79,0
6,80,0
7,0,-1
7,1,-1
7,2,-1
7,3,-1
7,4,-1
7,5,-1
7,6,-1
7,7,0
7,8,1
7,9,0
7,10,0
7,11,0
7,12,0
7,13,0
7,14,0
7,15,8
7,16,9
7,17,10
7,18,0
7,19,0
7,20,0
7,21,0
7,22,0
7,23,8
7,24,17
7,25,9
7,26,19
7,27,0
7,28,0
7,29,0
7,30,0
7,31,8
7,32,0
7,33,0
7,34,9
7,35,0
7,36,0
7,37,0
7,38,0
7,39,8
7,40,0
7,41,0
7,42,0
7,43,9
7,44,0
7,45,0
7,46,0
7,47,8
7,48,0
7,49,0
7,50,0
7,51,0
7,52,9
7,53,0
7,54,0
7,55,8
7,56,0
7,57,0
7,58,0
7,59,0
7,60,0
7,61,9
7,62,0
7,63,8
7,64,0
7,65,0
7,66,0
7,67,0
7,68,0
7,69,0
7,70,9
7,71,0
7,72,0
7,73,0
7,74,0
7,75,0
7,76,0
7,77,0
7,78,0
7,79,9
7,80,0
8,0,-1
8,1,-1
8,2,-1
8,3,-1
8,4,-1
8,5,-1
8,6,-1
8,7,-1
8,8,0
8,9,0
8,10,0
8,11,0
8,12,0
8,13,0
8,14,0
8,15,0
8,16,8
8,17,9
8,18,10
8,19,0
8,20,0
8,21,0
8,22,0
8,23,0
8,24,8
8,25,17
8,26,9
8,27,0
8,28,0
8,29,0
8,30,0
8,31,0
8,32,8
8,33,0
8,34,0
8,35,9
8,36,0
8,37,0
8,38,0
8,39,0
8,40,8
8,41,0
8,42,0
8,43,0
8,44,9
8,45,0
8,46,0
8,47,0
8,48,8
8,49,0
8,50,0
8,51,0
8,52,0
8,53,9
8,54,0
8,55,0
8,56,8
8,57,0
8,58,0
8,59,0
8,60,0
8,61,0
8,62,9
8,63,0
8,64,8
8,65,0
8,66,0
8,67,0
8,68,0
8,69,0
8,70,0
8,71,9
8,72,8
8,73,0
8,74,0
8,75,0
8,76,0
8,77,0
8,78,0
8,79,0
8,80,9
9,0,-9
9,1,-8
9,2,0
9,3,0
9,4,0
9,5,0
9,6,0
9,7,0
9,8,0
9,9,0
9,10,1
9,11,1
9,12,1
9,13,1
9,14,1
9,15,1
9,16,1
9,17,1
9,18,9
9,19,10
9,20,0
9,21,0
9,22,0
9,23,0
9,24,0
9,25,0
9,26,0
9,27,9
9,28,19
9,29,10
9,30,0
9,31,0
9,32,0
9,33,0
9,34,0
9,35,0
9,36,9
9,37,0
9,38,0
9,39,10
9,40,0
9,41,0
9,42,0
9,43,0
9,44,0
9,45,9
9,46,0
9,47,0
9,48,0
9,49,10
9,50,0
9,51,0
9,52,0
9,53,0
9,54,9
9,55,0
9,56,0
9,57,0
9,58,0
9,59,10
9,60,0
9,61,0
9,62,0
9,63,9
9,64,0
9,65,0
9,66,0
9,67,0
9,68,0
9,69,10
9,70,0
9,71,0
9,72,9
9,73,0
9,74,0
9,75,0
9,76,0
9,77,0
9,78,0
9,79,10
9,80,0
10,0,-10
10,1,-9
10,2,-8
10,3,0
10,4,0
10,5,0
10,6,0
10,7,0
10,8,0
10,9,-1
10,10,0
10,11,1
10,12,1
10,13,1
10,14,1
10,15,1
10,16,1
10,17,1
10,18,8
10,19,9
10,20,10
10,21,0
10,22,0
10,23,0
10,24,0
10,25,0
10,26,0
10,27,17
10,28,9
10,29,19
10,30,10
10,31,0
10,32,0
10,33,0
10,34,0
10,35,0
10,36,0
10,37,9
10,38,0
10,39,0
10,40,10
10,41,0
10,42,0
10,43,0
10,44,0
10,45,0
10,46,9
10,47,0
10,48,0
10,49,0
10,50,10
10,51,0
10,52,0
10,53,0
10,54,0
10,55,9
10,56,0
10,57,0
10,58,0
10,59,0
10,60,10
10,61,0
10,62,0
10,63,0
10,64,9
10,65,0
10,66,0
10,67,0
10,68,0
10,69,0
10,70,10
10,71,0
10,72,0
10,73,9
10,74,0
10,75,0
10,76,0
10,77,0
10,78,0
10,79,0
10,80,10
11,0,0
11,1,-10
11,2,-9
11,3,-8
11,4,0
11,5,0
11,6,0
11,7,0
11,8,0
11,9,-1
11,10,-1
11,11,0
11,12,1
11,13,1
11,14,1
11,15,1
11,16,1
11,17,1
11,18,0
11,19,8
11,20,9
11,21,10
11,22,0
11,23,0
11,24,0
11,25,0
11,26,0
11,27,8
11,28,17
11,29,9
11,30,19
11,31,10
11,32,0
11,33,0
11,34,0
11,35,0
11,36,0
11,37,0
11,38,9
11,39,0
11,40,0
11,41,10
11,42,0
11,43,0
11,44,0
11,45,0
11,46,0
11,47,9
11,48,0
11,49,0
11,50,0
11,51,10
11,52,0
11,53,0
11,54,0
11,55,0
11,56,9
11,57,0
11,58,0
11,59,0
11,60,0
11,61,10
11,62,0
11,63,0
11,64,0
11,65,9
11,66,0
11,67,0
11,68,0
11,69,0
11,70,0
11,71,10
11,72,0
11,73,0
11,74,9
11,75,0
11,76,0
11,77,0
11,78,0
11,79,0
11,80,0
12,0,0
12,1,0
12,2,-10
12,3,-9
12,4,-8
12,5,0
12,6,0
12,7,0
12,8,0
12,9,-1
12,10,-1
12,11,-1
12,12,0
12,13,1
12,14,1
12,15,1
12,16,1
12,17,1
12,18,0
12,19,0
12,20,8
12,21,9
12,22,10
12,23,0
12,24,0
12,25,0
12,26,0
12,27,0
12,28,8
12,29,17
12,30,9
12,31,19
12,32,10
12,33,0
12,34,0
12,35,0
12,36,8
12,37,0
12,38,0
12,39,9
12,40,0
12,41,0
12,42,10
12,43,0
12,44,0
12,45,0
12,46,0
12,47,0
12,48,9
12,49,0
12,50,0
12,51,0
12,52,10
12,53,0
12,54,0
12,55,0
12,56,0
12,57,9
12,58,0
12,59,0
12,60,0
12,61,0
12,62,10
12,63,0
12,64,0
12,65,0
12,66,9
12,67,0
12,68,0
12,69,0
12,70,0
12,71,0
12,72,0
12,73,0
12,74,0
12,75,9
12,76,0
12,77,0
12,78,0
12,79,0
12,80,0
13,0,0
13,1,0
13,2,0
13,3,-10
13,4,-9
13,5,-8
13,6,0
13,7,0
13,8,0
13,9,-1
13,10,-1
13,11,-1
13,12,-1
13,13,0
13,14,1
13,15,1
13,16,1
13,17,1
13,18,0
13,19,0
13,20,0
13,21,8
13,22,9
13,23,10
13,24,0
13,25,0
13,26,0
13,27,0
13,28,0
13,29,8
13,30,17
13,31,9
13,32,19
13,33,10
13,34,0
13,35,0
13,36,0
13,37,8
13,38,0
13,39,0
13,40,9
13,41,0
13,42,0
13,43,10
13,44,0
13,45,8
13,46,0
13,47,0
13,48,0
13,49,9
13,50,0
13,51,0
13,52,0
13,53,10
13,54,0
13,55,0
13,56,0
13,57,0
13,58,9
13,59,0
13,60,0
13,61,0
13,62,0
13,63,0
13,64,0
13,65,0
13,66,0
13,67,9
13,68,0
13,69,0
13,70,0
13,71,0
13,72,0
13,73,0
13,74,0
13,75,0
13,76,9
13,77,0
13,78,0
13,79,0
13,80,0
14,0,0
14,1,0
14,2,0
14,3,0
14,4,-10
14,5,-9
14,6,-8
14,7,0
14,8,0
14,9,-1
14,10,-1
14,11,-1
14,12,-1
14,13,-1
14,14,0
14,15,1
14,16,1
14,17,1
14,18,0
14,19,0
14,20,0
14,21,0
14,22,8
14,23,9
14,24,10
14,25,0
14,26,0
14,27,0
14,28,0
14,29,0
14,30,8
14,31,17
14,32,9
14,33,19
14,34,10
14,35,0
14,36,0
14,37,0
14,38,8
14,39,0
14,40,0
14,41,9
14,42,0
14,43,0
14,44,10
14,45,0
14,46,8
14,47,0
14,48,0
14,49,0
14,50,9
14,51,0
14,52,0
14,53,0
14,54,8
14,55,0
14,56,0
14,57,0
14,58,0
14,59,9
14,60,0
14,61,0
14,62,0
14,63,0
14,64,0
14,65,0
14,66,0
14,67,0
14,68,9
14,69,0
14,70,0
14,71,0
14,72,0
14,73,0
14,74,0
14,75,0
14,76,0
14,77,9
14,78,0
14,79,0
14,80,0
15,0,0
15,1,0
15,2,0
15,3,0
15,4,0
15,5,-10
15,6,-9
15,7,-8
15,8,0
15,9,-1
15,10,-1
15,11,-1
15,12,-1
15,13,-1
15,14,-1
15,15,0
15,16,1
15,17,1
15,18,0
15,19,0
15,20,0
15,21,0
15,22,0
15,23,8
15,24,9
15,25,10
15,26,0
15,27,0
15,28,0
15,29,0
15,30,0
15,31,8
15,32,17
15,33,9
15,34,19
15,35,10
15,36,0
15,37,0
15,38,0
15,39,8
15,40,0
15,41,0
15,42,9
15,43,0
15,44,0
15,45,0
15,46,0
15,47,8
15,48,0
15,49,0
15,50,0
15,51,9
15,52,0
15,53,0
15,54,0
15,55,8
15,56,0
15,57,0
15,58,0
15,59,0
15,60,9
15,61,0
15,62,0
15,63,8
15,64,0
15,65,0
15,66,0
15,67,0
15,68,0
15,69,9
15,70,0
15,71,0
15,72,0
15,73,0
15,74,0
15,75,0
15,76,0
15,77,0
15,78,9
15,79,0
15,80,0
16,0,0
16,1,0
16,2,0
16,3,0
16,4,0
16,5,0
16,6,-10
16,7,-9
16,8,-8
16,9,-1
16,10,-1
16,11,-1
16,12,-1
16,13,-1
16,14,-1
16,15,-1
16,16,0
16,17,1
16,18,0
16,19,0
16,20,0
16,21,0
16,22,0
16,23,0
16,24,8
16,25,9
16,26,10
16,27,0
16,28,0
16,29,0
16,30,0
16,31,0
16,32,8
16,33,17
16,34,9
16,35,19
16,36,0
16,37,0
16,38,0
16,39,0
16,40,8
16,41,0
16,42,0
16,43,9
16,44,0
16,45,0
16,46,0
16,47,0
16,48,8
16,49,0
16,50,0
16,51,0
16,52,9
16,53,0
16,54,0
16,55,0
16,56,8
16,57,0
16,58,0
16,59,0
16,60,0
16,61,9
16,62,0
16,63,0
16,64,8
16,65,0
16,66,0
16,67,0
16,68,0
16,69,0
16,70,9
16,71,0
16,72,8
16,73,0
16,74,0
16,75,0
16,76,0
16,77,0
16,78,0
16,79,9
16,80,0
17,0,0
17,1,0
17,2,0
17,3,0
17,4,0
17,5,0
17,6,0
17,7,-10
17,8,-9
17,9,-1
17,10,-1
17,11,-1
17,12,-1
17,13,-1
17,14,-1
17,15,-1
17,16,-1
17,17,0
17,18,0
17,19,0
17,20,0
17,21,0
17,22,0
17,23,0
17,24,0
17,25,8
17,26,9
17,27,10
17,28,0
17,29,0
17,30,0
17,31,0
17,32,0
17,33,8
17,34,17
17,35,9
17,36,0
17,37,0
17,38,0
17,39,0
17,40,0
17,41,8
17,42,0
17,43,0
17,44,9
17,45,0
17,46,0
17,47,0
17,48,0
17,49,8
17,50,0
17,51,0
17,52,0
17,53,9
17,54,0
17,55,0
17,56,0
17,57,8
17,58,0
17,59,0
17,60,0
17,61,0
17,62,9
17,63,0
17,64,0
17,65,8
17,66,0
17,67,0
17,68,0
17,69,0
17,70,0
17,71,9
17,72,0
17,73,8
17,74,0
17,75,0
17,76,0
17,77,0
17,78,0
17,79,0
17,80,9
18,0,-9
18,1,-17
18,2,-8
18,3,0
18,4,0
18,5,0
18,6,0
18,7,0
18,8,-10
18,9,-9
18,10,-8
18,11,0
18,12,0
18,13,0
18,14,0
18,15,0
18,16,0
18,17,0
18,18,0
18,19,1
18,20,1
18,21,1
18,22,1
18,23,1
18,24,1
18,25,1
18,26,1
18,27,9
18,28,10
18,29,0
18,30,0
18,31,0
18,32,0
18,33,0
18,34,0
18,35,0
18,36,9
18,37,19
18,38,10
18,39,0
18,40,0
18,41,0
18,42,0
18,43,0
18,44,0
18,45,9
18,46,0
18,47,0
18,48,10
18,49,0
18,50,0
18,51,0
18,52,0
18,53,0
18,54,9
18,55,0
18,56,0
18,57,0
18,58,10
18,59,0
18,60,0
18,61,0
18,62,0
18,63,9
18,64,0
18,65,0
18,66,0
18,67,0
18,68,10
18,69,0
18,70,0
18,71,0
18,72,9
18,73,0
18,74,0
18,75,0
18,76,0
18,77,0
18,78,10
18,79,0
18,80,0
19,0,-19
19,1,-9
19,2,-17
19,3,-8
19,4,0
19,5,0
19,6,0
19,7,0
19,8,0
19,9,-10
19,10,-9
19,11,-8
19,12,0
19,13,0
19,14,0
19,15,0
19,16,0
19,17,0
19,18,-1
19,19,0
19,20,1
19,21,1
19,22,1
19,23,1
19,24,1
19,25,1
19,26,1
19,27,8
19,28,9
19,29,10
19,30,0
19,31,0
19,32,0
19,33,0
19,34,0
19,35,0
19,36,17
19,37,9
19,38,19
19,39,10
19,40,0
19,41,0
19,42,0
19,43,0
19,44,0
19,45,0
19,46,9
19,47,0
19,48,0
19,49,10
19,50,0
19,51,0
19,52,0
19,53,0
19,54,0
19,55,9
19,56,0
19,57,0
19,58,0
19,59,10
19,60,0
19,61,0
19,62,0
19,63,0
19,64,9
19,65,0
19,66,0
19,67,0
19,68,0
19,69,10
19,70,0
19,71,0
19,72,0
19,73,9
19,74,0
19,75,0
19,76,0
19,77,0
19,78,0
19,79,10
19,80,0
20,0,-10
20,1,-19
20,2,-9
20,3,-17
20,4,-8
20,5,0
20,6,0
20,7,0
20,8,0
20,9,0
20,10,-10
20,11,-9
20,12,-8
20,13,0
20,14,0
20,15,0
20,16,0
20,17,0
20,18,-1
20,19,-1
20,20,0
20,21,1
20,22,1
20,23,1
20,24,1
20,25,1
20,26,1
20,27,0
20,28,8
20,29,9
20,30,10
20,31,0
20,32,0
20,33,0
20,34,0
20,35,0
20,36,8
20,37,17
20,38,9
20,39,19
20,40,10
20,41,0
20,42,0
20,43,0
20,44,0
20,45,0
20,46,0
20,47,9
20,48,0
20,49,0
20,50,10
20,51,0
20,52,0
20,53,0
20,54,0
20,55,0
20,56,9
20,57,0
20,58,0
20,59,0
20,60,10
20,61,0
20,62,0
20,63,0
20,64,0
20,65,9
20,66,0
20,67,0
20,68,0
20,69,0
20,70,10
20,71,0
20,72,0
20,73,0
20,74,9
20,75,0
20,76,0
20,77,0
20,78,0
20,79,0
20,80,10
21,0,0
21,1,-10
21,2,-19
21,3,-9
21,4,-17
21,5,-8
21,6,0
21,7,0
21,8,0
21,9,0
21,10,0
21,11,-10
21,12,-9
21,13,-8
21,14,0
21,15,0
21,16,0
21,17,0
21,18,-1
21,19,-1
21,20,-1
21,21,0
21,22,1
21,23,1
21,24,1
21,25,1
21,26,1
21,27,0
21,28,0
21,29,8
21,30,9
21,31,10
21,32,0
21,33,0
21,34,0
21,35,0
21,36,0
21,37,8
21,38,17
21,39,9
21,40,19
21,41,10
21,42,0
21,43,0
21,44,0
21,45,8
21,46,0
21,47,0
21,48,9
21,49,0
21,50,0
21,51,10
21,52,0
21,53,0
21,54,0
21,55,0
21,56,0
21,57,9
21,58,0
21,59,0
21,60,0
21,61,10
21,62,0
21,63,0
21,64,0
21,65,0
21,66,9
21,67,0
21,68,0
21,69,0
21,70,0
21,71,10
21,72,0
21,73,0
21,74,0
21,75,9
21,76,0
21,77,0
21,78,0
21,79,0
21,80,0
22,0,0
22,1,0
22,2,-10
22,3,-19
22,4,-9
22,5,-17
22,6,-8
22,7,0
22,8,0
22,9,0
22,10,0
22,11,0
22,12,-10
22,13,-9
22,14,-8
22,15,0
22,16,0
22,17,0
22,18,-1
22,19,-1
22,20,-1
22,21,-1
22,22,0
22,23,1
22,24,1
22,25,1
22,26,1
22,27,0
22,28,0
22,29,0
22,30,8
22,31,9
22,32,10
22,33,0
22,34,0
22,35,0
22,36,0
22,37,0
22,38,8
22,39,17
22,40,9
22,41,19
22,42,10
22,43,0
22,44,0
22,45,0
22,46,8
22,47,0
22,48,0
22,49,9
22,50,0
22,51,0
22,52,10
22,53,0
22,54,8
22,55,0
22,56,0
22,57,0
22,58,9
22,59,0
22,60,0
22,61,0
22,62,10
22,63,0
22,64,0
22,65,0
22,66,0
22,67,9
22,68,0
22,69,0
22,70,0
22,71,0
22,72,0
22,73,0
22,74,0
22,75,0
22,76,9
22,77,0
22,78,0
22,79,0
22,80,0
23,0,0
23,1,0
23,2,0
23,3,-10
23,4,-19
23,5,-9
23,6,-17
23,7,-8
23,8,0
23,9,0
23,10,0
23,11,0
23,12,0
23,13,-10
23,14,-9
23,15,-8
23,16,0
23,17,0
23,18,-1
23,19,-1
23,20,-1
23,21,-1
23,22,-1
23,23,0
23,24,1
23,25,1
23,26,1
23,27,0
23,28,0
23,29,0
23,30,0
23,31,8
23,32,9
23,33,10
23,34,0
23,35,0
23,36,0
23,37,0
23,38,0
23,39,8
23,40,17
23,41,9
23,42,19
23,43,10
23,44,0
23,45,0
23,46,0
23,47,8
23,48,0
23,49,0
23,50,9
23,51,0
23,52,0
23,53,10
23,54,0
23,55,8
23,56,0
23,57,0
23,58,0
23,59,9
23,60,0
23,61,0
23,62,0
23,63,8
23,64,0
23,65,0
23,66,0
23,67,0
23,68,9
23,69,0
23,70,0
23,71,0
23,72,0
23,73,0
23,74,0
23,75,0
23,76,0
23,77,9
23,78,0
23,79,0
23,80,0
24,0,0
24,1,0
24,2,0
24,3,0
24,4,-10
24,5,-19
24,6,-9
24,7,-17
24,8,-8
24,9,0
24,10,0
24,11,0
24,12,0
24,13,0
24,14,-10
24,15,-9
24,16,-8
24,17,0
24,18,-1
24,19,-1
24,20,-1
24,21,-1
24,22,-1
24,23,-1
24,24,0
24,25,1
24,26,1
24,27,0
24,28,0
24,29,0
24,30,0
24,31,0
24,32,8
24,33,9
24,34,10
24,35,0
24,36,0
24,37,0
24,38,0
24,39,0
24,40,8
24,41,17
24,42,9
24,43,19
24,44,10
24,45,0
24,46,0
24,47,0
24,48,8
24,49,0
24,50,0
24,51,9
24,52,0
24,53,0
24,54,0
24,55,0
24,56,8
24,57,0
24,58,0
24,59,0
24,60,9
24,61,0
24,62,0
24,63,0
24,64,8
24,65,0
24,66,0
24,67,0
24,68,0
24,69,9
24,70,0
24,71,0
24,72,8
24,73,0
24,74,0
24,75,0
24,76,0
24,77,0
24,78,9
24,79,0
24,80,0
25,0,0
25,1,0
25,2,0
25,3,0
25,4,0
25,5,-10
25,6,-19
25,7,-9
25,8,-17
25,9,0
25,10,0
25,11,0
25,12,0
25,13,0
25,14,0
25,15,-10
25,16,-9
25,17,-8
25,18,-1
25,19,-1
25,20,-1
25,21,-1
25,22,-1
25,23,-1
25,24,-1
25,25,0
25,26,1
25,27,0
25,28,0
25,29,0
25,30,0
25,31,0
25,32,0
25,33,8
25,34,9
25,35,10
25,36,0
25,37,0
25,38,0
25,39,0
25,40,0
25,41,8
25,42,17
25,43,9
25,44,19
25,45,0
25,46,0
25,47,0
25,48,0
25,49,8
25,50,0
25,51,0
25,52,9
25,53,0
25,54,0
25,55,0
25,56,0
25,57,8
25,58,0
25,59,0
25,60,0
25,61,9
25,62,0
25,63,0
25,64,0
25,65,8
25,66,0
25,67,0
25,68,0
25,69,0
25,70,9
25,71,0
25,72,0
25,73,8
25,74,0
25,75,0
25,76,0
25,77,0
25,78,0
25,79,9
25,80,0
26,0,0
26,1,0
26,2,0
26,3,0
26,4,0
26,5,0
26,6,-10
26,7,-19
26,8,-9
26,9,0
26,10,0
26,11,0
26,12,0
26,13,0
26,14,0
26,15,0
26,16,-10
26,17,-9
26,18,-1
26,19,-1
26,20,-1
26,21,-1
26,22,-1
26,23,-1
26,24,-1
26,25,-1
26,26,0
26,27,0
26,28,0
26,29,0
26,30,0
26,31,0
26,32,0
26,33,0
26,34,8
26,35,9
26,36,10
26,37,0
26,38,0
26,39,0
26,40,0
26,41,0
26,42,8
26,43,17
26,44,9
26,45,0
26,46,0
26,47,0
26,48,0
26,49,0
26,50,8
26,51,0
26,52,0
26,53,9
26,54,0
26,55,0
26,56,0
26,57,0
26,58,8
26,59,0
26,60,0
26,61,0
26,62,9
26,63,0
26,64,0
26,65,0
26,66,8
26,67,0
26,68,0
26,69,0
26,70,0
26,71,9
26,72,0
26,73,0
26,74,8
26,75,0
26,76,0
26,77,0
26,78,0
26,79,0
26,80,9
27,0,-9
27,1,0
27,2,0
27,3,-8
27,4,0
27,5,0
27,6,0
27,7,0
27,8,0
27,9,-9
27,10,-17
27,11,-8
27,12,0
27,13,0
27,14,0
27,15,0
27,16,0
27,17,-10
27,18,-9
27,19,-8
27,20,0
27,21,0
27,22,0
27,23,0
27,24,0
27,25,0
27,26,0
27,27,0
27,28,1
27,29,1
27,30,1
27,31,1
27,32,1
27,33,1
27,34,1
27,35,1
27,36,9
27,37,10
27,38,0
27,39,0
27,40,0
27,41,0
27,42,0
27,43,0
27,44,0
27,45,9
27,46,19
27,47,10
27,48,0
27,49,0
27,50,0
27,51,0
27,52,0
27,53,0
27,54,9
27,55,0
27,56,0
27,57,10
27,58,0
27,59,0
27,60,0
27,61,0
27,62,0
27,63,9
27,64,0
27,65,0
27,66,0
27,67,10
27,68,0
27,69,0
27,70,0
27,71,0
27,72,9
27,73,0
27,74,0
27,75,0
27,76,0
27,77,10
27,78,0
27,79,0
27,80,0
28,0,0
28,1,-9
28,2,0
28,3,0
28,4,-8
28,5,0
28,6,0
28,7,0
28,8,0
28,9,-19
28,10,-9
28,11,-17
28,12,-8
28,13,0
28,14,0
28,15,0
28,16,0
28,17,0
28,18,-10
28,19,-9
28,20,-8
28,21,0
28,22,0
28,23,0
28,24,0
28,25,0
28,26,0
28,27,-1
28,28,0
28,29,1
28,30,1
28,31,1
28,32,1
28,33,1
28,34,1
28,35,1
28,36,8
28,37,9
28,38,10
28,39,0
28,40,0
28,41,0
28,42,0
28,43,0
28,44,0
28,45,17
28,46,9
28,47,19
28,48,10
28,49,0
28,50,0
28,51,0
28,52,0
28,53,0
28,54,0
28,55,9
28,56,0
28,57,0
28,58,10
28,59,0
28,60,0
28,61,0
28,62,0
28,63,0
28,64,9
28,65,0
28,66,0
28,67,0
28,68,10
28,69,0
28,70,0
28,71,0
28,72,0
28,73,9
28,74,0
28,75,0
28,76,0
28,77,0
28,78,10
28,79,0
28,80,0
29,0,0
29,1,0
29,2,-9
29,3,0
29,4,0
29,5,-8
29,6,0
29,7,0
29,8,0
29,9,-10
29,10,-19
29,11,-9
29,12,-17
29,13,-8
29,14,0
29,15,0
29,16,0
29,17,0
29,18,0
29,19,-10
29,20,-9
29,21,-8
29,22,0
29,23,0
29,24,0
29,25,0
29,26,0
29,27,-1
29,28,-1
29,29,0
29,30,1
29,31,1
29,32,1
29,33,1
29,34,1
29,35,1
29,36,0
29,37,8
29,38,9
29,39,10
29,40,0
29,41,0
29,42,0
29,43,0
29,44,0
29,45,8
29,46,17
29,47,9
29,48,19
29,49,10
29,50,0
29,51,0
29,52,0
29,53,0
29,54,0
29,55,0
29,56,9
29,57,0
29,58,0
29,59,10
29,60,0
29,61,0
29,62,0
29,63,0
29,64,0
29,65,9
29,66,0
29,67,0
29,68,0
29,69,10
29,70,0
29,71,0
29,72,0
29,73,0
29,74,9
29,75,0
29,76,0
29,77,0
29,78,0
29,79,10
29,80,0
30,0,-10
30,1,0
30,2,0
30,3,-9
30,4,0
30,5,0
30,6,-8
30,7,0
30,8,0
30,9,0
30,10,-10
30,11,-19
30,12,-9
30,13,-17
30,14,-8
30,15,0
30,16,0
30,17,0
30,18,0
30,19,0
30,20,-10
30,21,-9
30,22,-8
30,23,0
30,24,0
30,25,0
30,26,0
30,27,-1
30,28,-1
30,29,-1
30,30,0
30,31,1
30,32,1
30,33,1
30,34,1
30,35,1
30,36,0
30,37,0
30,38,8
30,39,9
30,40,10
30,41,0
30,42,0
30,43,0
30,44,0
30,45,0
30,46,8
30,47,17
30,48,9
30,49,19
30,50,10
30,51,0
30,52,0
30,53,0
30,54,8
30,55,0
30,56,0
30,57,9
30,58,0
30,59,0
30,60,10
30,61,0
30,62,0
30,63,0
30,64,0
30,65,0
30,66,9
30,67,0
30,68,0
30,69,0
30,70,10
30,71,0
30,72,0
30,73,0
30,74,0
30,75,9
30,76,0
30,77,0
30,78,0
30,79,0
30,80,10
31,0,0
31,1,-10
31,2,0
31,3,0
31,4,-9
31,5,0
31,6,0
31,7,-8
31,8,0
31,9,0
31,10,0
31,11,-10
31,12,-19
31,13,-9
31,14,-17
31,15,-8
31,16,0
31,17,0
31,18,0
31,19,0
31,20,0
31,21,-10
31,22,-9
31,23,-8
31,24,0
31,25,0
31,26,0
31,27,-1
31,28,-1
31,29,-1
31,30,-1
31,31,0
31,32,1
31,33,1
31,34,1
31,35,1
31,36,0
31,37,0
31,38,0
31,39,8
31,40,9
31,41,10
31,42,0
31,43,0
31,44,0
31,45,0
31,46,0
31,47,8
31,48,17
31,49,9
31,50,19
31,51,10
31,52,0
31,53,0
31,54,0
31,55,8
31,56,0
31,57,0
31,58,9
31,59,0
31,60,0
31,61,10
31,62,0
31,63,8
31,64,0
31,65,0
31,66,0
31,67,9
31,68,0
31,69,0
31,70,0
31,71,10
31,72,0
31,73,0
31,74,0
31,75,0
31,76,9
31,77,0
31,78,0
31,79,0
31,80,0
32,0,0
32,1,0
32,2,-10
32,3,0
32,4,0
32,5,-9
32,6,0
32,7,0
32,8,-8
32,9,0
32,10,0
32,11,0
32,12,-10
32,13,-19
32,14,-9
32,15,-17
32,16,-8
32,17,0
32,18,0
32,19,0
32,20,0
32,21,0
32,22,-10
32,23,-9
32,24,-8
32,25,0
32,26,0
32,27,-1
32,28,-1
32,29,-1
32,30,-1
32,31,-1
32,32,0
32,33,1
32,34,1
32,35,1
32,36,0
32,37,0
32,38,0
32,39,0
32,40,8
32,41,9
32,42,10
32,43,0
32,44,0
32,45,0
32,46,0
32,47,0
32,48,8
32,49,17
32,50,9
32,51,19
32,52,10
32,53,0
32,54,0
32,55,0
32,56,8
32,57,0
32,58,0
32,59,9
32,60,0
32,61,0
32,62,10
32,63,0
32,64,8
32,65,0
32,66,0
32,67,0
32,68,9
32,69,0
32,70,0
32,71,0
32,72,8
32,73,0
32,74,0
32,75,0
32,76,0
32,77,9
32,78,0
32,79,0
32,80,0
33,0,0
33,1,0
33,2,0
33,3,-10
33,4,0
33,5,0
33,6,-9
33,7,0
33,8,0
33,9,0
33,10,0
33,11,0
33,12,0
33,13,-10
33,14,-19
33,15,-9
33,16,-17
33,17,-8
33,18,0
33,19,0
33,20,0
33,21,0
33,22,0
33,23,-10
33,24,-9
33,25,-8
33,26,0
33,27,-1
33,28,-1
33,29,-1
33,30,-1
33,31,-1
33,32,-1
33,33,0
33,34,1
33,35,1
33,36,0
33,37,0
33,38,0
33,39,0
33,40,0
33,41,8
33,42,9
33,43,10
33,44,0
33,45,0
33,46,0
33,47,0
33,48,0
33,49,8
33,50,17
33,51,9
33,52,19
33,53,10
33,54,0
33,55,0
33,56,0
33,57,8
33,58,0
33,59,0
33,60,9
33,61,0
33,62,0
33,63,0
33,64,0
33,65,8
33,66,0
33,67,0
33,68,0
33,69,9
33,70,0
33,71,0
33,72,0
33,73,8
33,74,0
33,75,0
33,76,0
33,77,0
33,78,9
33,79,0
33,80,0
34,0,0
34,1,0
34,2,0
34,3,0
34,4,-10
34,5,0
34,6,0
34,7,-9
34,8,0
34,9,0
34,10,0
34,11,0
34,12,0
34,13,0
34,14,-10
34,15,-19
34,16,-9
34,17,-17
34,18,0
34,19,0
34,20,0
34,21,0
34,22,0
34,23,0
34,24,-10
34,25,-9
34,26,-8
34,27,-1
34,28,-1
34,29,-1
34,30,-1
34,31,-1
34,32,-1
34,33,-1
34,34,0
34,35,1
34,36,0
34,37,0
34,38,0
34,39,0
34,40,0
34,41,0
34,42,8
34,43,9
34,44,10
34,45,0
34,46,0
34,47,0
34,48,0
34,49,0
34,50,8
34,51,17
34,52,9
34,53,19
34,54,0
34,55,0
34,56,0
34,57,0
34,58,8
34,59,0
34,60,0
34,61,9
34,62,0
34,63,0
34,64,0
34,65,0
34,66,8
34,67,0
34,68,0
34,69,0
34,70,9
34,71,0
34,72,0
34,73,0
34,74,8
34,75,0
34,76,0
34,77,0
34,78,0
34,79,9
34,80,0
35,0,0
35,1,0
35,2,0
35,3,0
35,4,0
35,5,-10
35,6,0
35,7,0
35,8,-9
35,9,0
35,10,0
35,11,0
35,12,0
35,13,0
35,14,0
35,15,-10
35,16,-19
35,17,-9
35,18,0
35,19,0
35,20,0
35,21,0
35,22,0
35,23,0
35,24,0
35,25,-10
35,26,-9
35,27,-1
35,28,-1
35,29,-1
35,30,-1
35,31,-1
35,32,-1
35,33,-1
35,34,-1
35,35,0
35,36,0
35,37,0
35,38,0
35,39,0
35,40,0
35,41,0
35,42,0
35,43,8
35,44,9
35,45,10
35,46,0
35,47,0
35,48,0
35,49,0
35,50,0
35,51,8
35,52,17
35,53,9
35,54,0
35,55,0
35,56,0
35,57,0
35,58,0
35,59,8
35,60,0
35,61,0
35,62,9
35,63,0
35,64,0
35,65,0
35,66,0
35,67,8
35,68,0
35,69,0
35,70,0
35,71,9
35,72,0
35,73,0
35,74,0
35,75,8
35,76,0
35,77,0
35,78,0
35,79,0
35,80,9
36,0,-9
36,1,0
36,2,0
36,3,0
36,4,-8
36,5,0
36,6,0
36,7,0
36,8,0
36,9,-9
36,10,0
36,11,0
36,12,-8
36,13,0
36,14,0
36,15,0
36,16,0
36,17,0
36,18,-9
36,19,-17
36,20,-8
36,21,0
36,22,0
36,23,0
36,24,0
36,25,0
36,26,-10
36,27,-9
36,28,-8
36,29,0
36,30,0
36,31,0
36,32,0
36,33,0
36,34,0
36,35,0
36,36,0
36,37,1
36,38,1
36,39,1
36,40,1
36,41,1
36,42,1
36,43,1
36,44,1
36,45,9
36,46,10
36,47,0
36,48,0
36,49,0
36,50,0
36,51,0
36,52,0
36,53,0
36,54,9
36,55,19
36,56,10
36,57,0
36,58,0
36,59,0
36,60,0
36,61,0
36,62,0
36,63,9
36,64,0
36,65,0
36,66,10
36,67,0
36,68,0
36,69,0
36,70,0
36,71,0
36,72,9
36,73,0
36,74,0
36,75,0
36,76,10
36,77,0
36,78,0
36,79,0
36,80,0
37,0,0
37,1,-9
37,2,0
37,3,0
37,4,0
37,5,-8
37,6,0
37,7,0
37,8,0
37,9,0
37,10,-9
37,11,0
37,12,0
37,13,-8
37,14,0
37,15,0
37,16,0
37,17,0
37,18,-19
37,19,-9
37,20,-17
37,21,-8
37,22,0
37,23,0
37,24,0
37,25,0
37,26,0
37,27,-10
37,28,-9
37,29,-8
37,30,0
37,31,0
37,32,0
37,33,0
37,34,0
37,35,0
37,36,-1
37,37,0
37,38,1
37,39,1
37,40,1
37,41,1
37,42,1
37,43,1
37,44,1
37,45,8
37,46,9
37,47,10
37,48,0
37,49,0
37,50,0
37,51,0
37,52,0
37,53,0
37,54,17
37,55,9
37,56,19
37,57,10
37,58,0
37,59,0
37,60,0
37,61,0
37,62,0
37,63,0
37,64,9
37,65,0
37,66,0
37,67,10
37,68,0
37,69,0
37,70,0
37,71,0
37,72,0
37,73,9
37,74,0
37,75,0
37,76,0
37,77,10
37,78,0
37,79,0
37,80,0
38,0,0
38,1,0
38,2,-9
38,3,0
38,4,0
38,5,0
38,6,-8
38,7,0
38,8,0
38,9,0
38,10,0
38,11,-9
38,12,0
38,13,0
38,14,-8
38,15,0
38,16,0
38,17,0
38,18,-10
38,19,-19
38,20,-9
38,21,-17
38,22,-8
38,23,0
38,24,0
38,25,0
38,26,0
38,27,0
38,28,-10
38,29,-9
38,30,-8
38,31,0
38,32,0
38,33,0
38,34,0
38,35,0
38,36,-1
38,37,-1
38,38,0
38,39,1
38,40,1
38,41,1
38,42,1
38,43,1
38,44,1
38,45,0
38,46,8
38,47,9
38,48,10
38,49,0
38,50,0
38,51,0
38,52,0
38,53,0
38,54,8
38,55,17
38,56,9
38,57,19
38,58,10
38,59,0
38,60,0
38,61,0
38,62,0
38,63,0
38,64,0
38,65,9
38,66,0
38,67,0
38,68,10
38,69,0
38,70,0
38,71,0
38,72,0
38,73,0
38,74,9
38,75,0
38,76,0
38,77,0
38,78,10
38,79,0
38,80,0
39,0,0
39,1,0
39,2,0
39,3,-9
39,4,0
39,5,0
39,6,0
39,7,-8
39,8,0
39,9,-10
39,10,0
39,11,0
39,12,-9
39,13,0
39,14,0
39,15,-8
39,16,0
39,17,0
39,18,0
39,19,-10
39,20,-19
39,21,-9
39,22,-17
39,23,-8
39,24,0
39,25,0
39,26,0
39,27,0
39,28,0
39,29,-10
39,30,-9
39,31,-8
39,32,0
39,33,0
39,34,0
39,35,0
39,36,-1
39,37,-1
39,38,-1
39,39,0
39,40,1
39,41,1
39,42,1
39,43,1
39,44,1
39,45,0
39,46,0
39,47,8
39,48,9
39,49,10
39,50,0
39,51,0
39,52,0
39,53,0
39,54,0
39,55,8
39,56,17
39,57,9
39,58,19
39,59,10
39,60,0
39,61,0
39,62,0
39,63,8
39,64,0
39,65,0
39,66,9
39,67,0
39,68,0
39,69,10
39,70,0
39,71,0
39,72,0
39,73,0
39,74,0
39,75,9
39,76,0
39,77,0
39,78,0
39,79,10
39,80,0
40,0,-10
40,1,0
40,2,0
40,3,0
40,4,-9
40,5,0
40,6,0
40,7,0
40,8,-8
40,9,0
40,10,-10
40,11,0
40,12,0
40,13,-9
40,14,0
40,15,0
40,16,-8
40,17,0
40,18,0
40,19,0
40,20,-10
40,21,-19
40,22,-9
40,23,-17
40,24,-8
40,25,0
40,26,0
40,27,0
40,28,0
40,29,0
40,30,-10
40,31,-9
40,32,-8
40,33,0
40,34,0
40,35,0
40,36,-1
40,37,-1
40,38,-1
40,39,-1
40,40,0
40,41,1
40,42,1
40,43,1
40,44,1
40,45,0
40,46,0
40,47,0
40,48,8
40,49,9
40,50,10
40,51,0
40,52,0
40,53,0
40,54,0
40,55,0
40,56,8
40,57,17
40,58,9
40,59,19
40,60,10
40,61,0
40,62,0
40,63,0
40,64,8
40,65,0
40,66,0
40,67,9
40,68,0
40,69,0
40,70,10
40,71,0
40,72,8
40,73,0
40,74,0
40,75,0
40,76,9
40,77,0
40,78,0
40,79,0
40,80,10
41,0,0
41,1,-10
41,2,0
41,3,0
41,4,0
41,5,-9
41,6,0
41,7,0
41,8,0
41,9,0
41,10,0
41,11,-10
41,12,0
41,13,0
41,14,-9
41,15,0
41,16,0
41,17,-8
41,18,0
41,19,0
41,20,0
41,21,-10
41,22,-19
41,23,-9
41,24,-17
41,25,-8
41,26,0
41,27,0
41,28,0
41,29,0
41,30,0
41,31,-10
41,32,-9
41,33,-8
41,34,0
41,35,0
41,36,-1
41,37,-1
41,38,-1
41,39,-1
41,40,-1
41,41,0
41,42,1
41,43,1
41,44,1
41,45,0
41,46,0
41,47,0
41,48,0
41,49,8
41,50,9
41,51,10
41,52,0
41,53,0
41,54,0
41,55,0
41,56,0
41,57,8
41,58,17
41,59,9
41,60,19
41,61,10
41,62,0
41,63,0
41,64,0
41,65,8
41,66,0
41,67,0
41,68,9
41,69,0
41,70,0
41,71,10
41,72,0
41,73,8
41,74,0
41,75,0
41,76,0
41,77,9
41,78,0
41,79,0
41,80,0
42,0,0
42,1,0
42,2,-10
42,3,0
42,4,0
42,5,0
42,6,-9
42,7,0
42,8,0
42,9,0
42,10,0
42,11,0
42,12,-10
42,13,0
42,14,0
42,15,-9
42,16,0
42,17,0
42,18,0
42,19,0
42,20,0
42,21,0
42,22,-10
42,23,-19
42,24,-9
42,25,-17
42,26,-8
42,27,0
42,28,0
42,29,0
42,30,0
42,31,0
42,32,-10
42,33,-9
42,34,-8
42,35,0
42,36,-1
42,37,-1
42,38,-1
42,39,-1
42,40,-1
42,41,-1
42,42,0
42,43,1
42,44,1
42,45,0
42,46,0
42,47,0
42,48,0
42,49,0
42,50,8
42,51,9
42,52,10
42,53,0
42,54,0
42,55,0
42,56,0
42,57,0
42,58,8
42,59,17
42,60,9
42,61,19
42,62,10
42,63,0
42,64,0
42,65,0
42,66,8
42,67,0
42,68,0
42,69,9
42,70,0
42,71,0
42,72,0
42,73,0
42,74,8
42,75,0
42,76,0
42,77,0
42,78,9
42,79,0
42,80,0
43,0,0
43,1,0
43,2,0
43,3,-10
43,4,0
43,5,0
43,6,0
43,7,-9
43,8,0
43,9,0
43,10,0
43,11,0
43,12,0
43,13,-10
43,14,0
43,15,0
43,16,-9
43,17,0
43,18,0
43,19,0
43,20,0
43,21,0
43,22,0
43,23,-10
43,24,-19
43,25,-9
43,26,-17
43,27,0
43,28,0
43,29,0
43,30,0
43,31,0
43,32,0
43,33,-10
43,34,-9
43,35,-8
43,36,-1
43,37,-1
43,38,-1
43,39,-1
43,40,-1
43,41,-1
43,42,-1
43,43,0
43,44,1
43,45,0
43,46,0
43,47,0
43,48,0
43,49,0
43,50,0
43,51,8
43,52,9
43,53,10
43,54,0
43,55,0
43,56,0
43,57,0
43,58,0
43,59,8
43,60,17
43,61,9
43,62,19
43,63,0
43,64,0
43,65,0
43,66,0
43,67,8
43,68,0
43,69,0
43,70,9
43,71,0
43,72,0
43,73,0
43,74,0
43,75,8
43,76,0
43,77,0
43,78,0
43,79,9
43,80,0
44,0,0
44,1,0
44,2,0
44,3,0
44,4,-10
44,5,0
44,6,0
44,7,0
44,8,-9
44,9,0
44,10,0
44,11,0
44,12,0
44,13,0
44,14,-10
44,15,0
44,16,0
44,17,-9
44,18,0
44,19,0
44,20,0
44,21,0
44,22,0
44,23,0
44,24,-10
44,25,-19
44,26,-9
44,27,0
44,28,0
44,29,0
44,30,0
44,31,0
44,32,0
44,33,0
44,34,-10
44,35,-9
44,36,-1
44,37,-1
44,38,-1
44,39,-1
44,40,-1
44,41,-1
44,42,-1
44,43,-1
44,44,0
44,45,0
44,46,0
44,47,0
44,48,0
44,49,0
44,50,0
44,51,0
44,52,8
44,53,9
44,54,10
44,55,0
44,56,0
44,57,0
44,58,0
44,59,0
44,60,8
44,61,17
44,62,9
44,63,0
44,64,0
44,65,0
44,66,0
44,67,0
44,68,8
44,69,0
44,70,0
44,71,9
44,72,0
44,73,0
44,74,0
44,75,0
44,76,8
44,77,0
44,78,0
44,79,0
44,80,9
45,0,-9
45,1,0
45,2,0
45,3,0
45,4,0
45,5,-8
45,6,0
45,7,0
45,8,0
45,9,-9
45,10,0
45,11,0
45,12,0
45,13,-8
45,14,0
45,15,0
45,16,0
45,17,0
45,18,-9
45,19,0
45,20,0
45,21,-8
45,22,0
45,23,0
45,24,0
45,25,0
45,26,0
45,27,-9
45,28,-17
45,29,-8
45,30,0
45,31,0
45,32,0
45,33,0
45,34,0
45,35,-10
45,36,-9
45,37,-8
45,38,0
45,39,0
45,40,0
45,41,0
45,42,0
45,43,0
45,44,0
45,45,0
45,46,1
45,47,1
45,48,1
45,49,1
45,50,1
45,51,1
45,52,1
45,53,1
45,54,9
45,55,10
45,56,0
45,57,0
45,58,0
45,59,0
45,60,0
45,61,0
45,62,0
45,63,9
45,64,19
45,65,10
45,66,0
45,67,0
45,68,0
45,69,0
45,70,0
45,71,0
45,72,9
45,73,0
45,74,0
45,75,10
45,76,0
45,77,0
45,78,0
45,79,0
45,80,0
46,0,0
46,1,-9
46,2,0
46,3,0
46,4,0
46,5,0
46,6,-8
46,7,0
46,8,0
46,9,0
46,10,-9
46,11,0
46,12,0
46,13,0
46,14,-8
46,15,0
46,16,0
46,17,0
46,18,0
46,19,-9
46,20,0
46,21,0
46,22,-8
46,23,0
46,24,0
46,25,0
46,26,0
46,27,-19
46,28,-9
46,29,-17
46,30,-8
46,31,0
46,32,0
46,33,0
46,34,0
46,35,0
46,36,-10
46,37,-9
46,38,-8
46,39,0
46,40,0
46,41,0
46,42,0
46,43,0
46,44,0
46,45,-1
46,46,0
46,47,1
46,48,1
46,49,1
46,50,1
46,51,1
46,52,1
46,53,1
46,54,8
46,55,9
46,56,10
46,57,0
46,58,0
46,59,0
46,60,0
46,61,0
46,62,0
46,63,17
46,64,9
46,65,19
46,66,10
46,67,0
46,68,0
46,69,0
46,70,0
46,71,0
46,72,0
46,73,9
46,74,0
46,75,0
46,76,10
46,77,0
46,78,0
46,79,0
46,80,0
47,0,0
47,1,0
47,2,-9
47,3,0
47,4,0
47,5,0
47,6,0
47,7,-8
47,8,0
47,9,0
47,10,0
47,11,-9
47,12,0
47,13,0
47,14,0
47,15,-8
47,16,0
47,17,0
47,18,0
47,19,0
47,20,-9
47,21,0
47,22,0
47,23,-8
47,24,0
47,25,0
47,26,0
47,27,-10
47,28,-19
47,29,-9
47,30,-17
47,31,-8
47,32,0
47,33,0
47,34,0
47,35,0
47,36,0
47,37,-10
47,38,-9
47,39,-8
47,40,0
47,41,0
47,42,0
47,43,0
47,44,0
47,45,-1
47,46,-1
47,47,0
47,48,1
47,49,1
47,50,1
47,51,1
47,52,1
47,53,1
47,54,0
47,55,8
47,56,9
47,57,10
47,58,0
47,59,0
47,60,0
47,61,0
47,62,0
47,63,8
47,64,17
47,65,9
47,66,19
47,67,10
47,68,0
47,69,0
47,70,0
47,71,0
47,72,0
47,73,0
47,74,9
47,75,0
47,76,0
47,77,10
47,78,0
47,79,0
47,80,0
48,0,0
48,1,0
48,2,0
48,3,-9
48,4,0
48,5,0
48,6,0
48,7,0
48,8,-8
48,9,0
48,10,0
48,11,0
48,12,-9
48,13,0
48,14,0
48,15,0
48,16,-8
48,17,0
48,18,-10
48,19,0
48,20,0
48,21,-9
48,22,0
48,23,0
48,24,-8
48,25,0
48,26,0
48,27,0
48,28,-10
48,29,-19
48,30,-9
48,31,-17
48,32,-8
48,33,0
48,34,0
48,35,0
48,36,0
48,37,0
48,38,-10
48,39,-9
48,40,-8
48,41,0
48,42,0
48,43,0
48,44,0
48,45,-1
48,46,-1
48,47,-1
48,48,0
48,49,1
48,50,1
48,51,1
48,52,1
48,53,1
48,54,0
48,55,0
48,56,8
48,57,9
48,58,10
48,59,0
48,60,0
48,61,0
48,62,0
48,63,0
48,64,8
48,65,17
48,66,9
48,67,19
48,68,10
48,69,0
48,70,0
48,71,0
48,72,8
48,73,0
48,74,0
48,75,9
48,76,0
48,77,0
48,78,10
48,79,0
48,80,0
49,0,0
49,1,0
49,2,0
49,3,0
49,4,-9
49,5,0
49,6,0
49,7,0
49,8,0
49,9,-10
49,10,0
49,11,0
49,12,0
49,13,-9
49,14,0
49,15,0
49,16,0
49,17,-8
49,18,0
49,19,-10
49,20,0
49,21,0
49,22,-9
49,23,0
49,24,0
49,25,-8
49,26,0
49,27,0
49,28,0
49,29,-10
49,30,-19
49,31,-9
49,32,-17
49,33,-8
49,34,0
49,35,0
49,36,0
49,37,0
49,38,0
49,39,-10
49,40,-9
49,41,-8
49,42,0
49,43,0
49,44,0
49,45,-1
49,46,-1
49,47,-1
49,48,-1
49,49,0
49,50,1
49,51,1
49,52,1
49,53,1
49,54,0
49,55,0
49,56,0
49,57,8
49,58,9
49,59,10
49,60,0
49,61,0
49,62,0
49,63,0
49,64,0
49,65,8
49,66,17
49,67,9
49,68,19
49,69,10
49,70,0
49,71,0
49,72,0
49,73,8
49,74,0
49,75,0
49,76,9
49,77,0
49,78,0
49,79,10
49,80,0
50,0,-10
50,1,0
50,2,0
50,3,0
50,4,0
50,5,-9
50,6,0
50,7,0
50,8,0
50,9,0
50,10,-10
50,11,0
50,12,0
50,13,0
50,14,-9
50,15,0
50,16,0
50,17,0
50,18,0
50,19,0
50,20,-10
50,21,0
50,22,0
50,23,-9
50,24,0
50,25,0
50,26,-8
50,27,0
50,28,0
50,29,0
50,30,-10
50,31,-19
50,32,-9
50,33,-17
50,34,-8
50,35,0
50,36,0
50,37,0
50,38,0
50,39,0
50,40,-10
50,41,-9
50,42,-8
50,43,0
50,44,0
50,45,-1
50,46,-1
50,47,-1
50,48,-1
50,49,-1
50,50,0
50,51,1
50,52,1
50,53,1
50,54,0
50,55,0
50,56,0
50,57,0
50,58,8
50,59,9
50,60,10
50,61,0
50,62,0
50,63,0
50,64,0
50,65,0
50,66,8
50,67,17
50,68,9
50,69,19
50,70,10
50,71,0
50,72,0
50,73,0
50,74,8
50,75,0
50,76,0
50,77,9
50,78,0
50,79,0
50,80,10
51,0,0
51,1,-10
51,2,0
51,3,0
51,4,0
51,5,0
51,6,-9
51,7,0
51,8,0
51,9,0
51,10,0
51,11,-10
51,12,0
51,13,0
51,14,0
51,15,-9
51,16,0
51,17,0
51,18,0
51,19,0
51,20,0
51,21,-10
51,22,0
51,23,0
51,24,-9
51,25,0
51,26,0
51,27,0
51,28,0
51,29,0
51,30,0
51,31,-10
51,32,-19
51,33,-9
51,34,-17
51,35,-8
51,36,0
51,37,0
51,38,0
51,39,0
51,40,0
51,41,-10
51,42,-9
51,43,-8
51,44,0
51,45,-1
51,46,-1
51,47,-1
51,48,-1
51,49,-1
51,50,-1
51,51,0
51,52,1
51,53,1
51,54,0
51,55,0
51,56,0
51,57,0
51,58,0
51,59,8
51,60,9
51,61,10
51,62,0
51,63,0
51,64,0
51,65,0
51,66,0
51,67,8
51,68,17
51,69,9
51,70,19
51,71,10
51,72,0
51,73,0
51,74,0
51,75,8
51,76,0
51,77,0
51,78,9
51,79,0
51,80,0
52,0,0
52,1,0
52,2,-10
52,3,0
52,4,0
52,5,0
52,6,0
52,7,-9
52,8,0
52,9,0
52,10,0
52,11,0
52,12,-10
52,13,0
52,14,0
52,15,0
52,16,-9
52,17,0
52,18,0
52,19,0
52,20,0
52,21,0
52,22,-10
52,23,0
52,24,0
52,25,-9
52,26,0
52,27,0
52,28,0
52,29,0
52,30,0
52,31,0
52,32,-10
52,33,-19
52,34,-9
52,35,-17
52,36,0
52,37,0
52,38,0
52,39,0
52,40,0
52,41,0
52,42,-10
52,43,-9
52,44,-8
52,45,-1
52,46,-1
52,47,-1
52,48,-1
52,49,-1
52,50,-1
52,51,-1
52,52,0
52,53,1
52,54,0
52,55,0
52,56,0
52,57,0
52,58,0
52,59,0
52,60,8
52,61,9
52,62,10
52,63,0
52,64,0
52,65,0
52,66,0
52,67,0
52,68,8
52,69,17
52,70,9
52,71,19
52,72,0
52,73,0
52,74,0
52,75,0
52,76,8
52,77,0
52,78,0
52,79,9
52,80,0
53,0,0
53,1,0
53,2,0
53,3,-10
53,4,0
53,5,0
53,6,0
53,7,0
53,8,-9
53,9,0
53,10,0
53,11,0
53,12,0
53,13,-10
53,14,0
53,15,0
53,16,0
53,17,-9
53,18,0
53,19,0
53,20,0
53,21,0
53,22,0
53,23,-10
53,24,0
53,25,0
53,26,-9
53,27,0
53,28,0
53,29,0
53,30,0
53,31,0
53,32,0
53,33,-10
53,34,-19
53,35,-9
53,36,0
53,37,0
53,38,0
53,39,0
53,40,0
53,41,0
53,42,0
53,43,-10
53,44,-9
53,45,-1
53,46,-1
53,47,-1
53,48,-1
53,49,-1
53,50,-1
53,51,-1
53,52,-1
53,53,0
53,54,0
53,55,0
53,56,0
53,57,0
53,58,0
53,59,0
53,60,0
53,61,8
53,62,9
53,63,10
53,64,0
53,65,0
53,66,0
53,67,0
53,68,0
53,69,8
53,70,17
53,71,9
53,72,0
53,73,0
53,74,0
53,75,0
53,76,0
53,77,8
53,78,0
53,79,0
53,80,9
54,0,-9
54,1,0
54,2,0
54,3,0
54,4,0
54,5,0
54,6,-8
54,7,0
54,8,0
54,9,-9
54,10,0
54,11,0
54,12,0
54,13,0
54,14,-8
54,15,0
54,16,0
54,17,0
54,18,-9
54,19,0
54,20,0
54,21,0
54,22,-8
54,23,0
54,24,0
54,25,0
54,26,0
54,27,-9
54,28,0
54,29,0
54,30,-8
54,31,0
54,32,0
54,33,0
54,34,0
54,35,0
54,36,-9
54,37,-17
54,38,-8
54,39,0
54,40,0
54,41,0
54,42,0
54,43,0
54,44,-10
54,45,-9
54,46,-8
54,47,0
54,48,0
54,49,0
54,50,0
54,51,0
54,52,0
54,53,0
54,54,0
54,55,1
54,56,1
54,57,1
54,58,1
54,59,1
54,60,1
54,61,1
54,62,1
54,63,9
54,64,10
54,65,0
54,66,0
54,67,0
54,68,0
54,69,0
54,70,0
54,71,0
54,72,9
54,73,19
54,74,10
54,75,0
54,76,0
54,77,0
54,78,0
54,79,0
54,80,0
55,0,0
55,1,-9
55,2,0
55,3,0
55,4,0
55,5,0
55,6,0
55,7,-8
55,8,0
55,9,0
55,10,-9
55,11,0
55,12,0
55,13,0
55,14,0
55,15,-8
55,16,0
55,17,0
55,18,0
55,19,-9
55,20,0
55,21,0
55,22,0
55,23,-8
55,24,0
55,25,0
55,26,0
55,27,0
55,28,-9
55,29,0
55,30,0
55,31,-8
55,32,0
55,33,0
55,34,0
55,35,0
55,36,-19
55,37,-9
55,38,-17
55,39,-8
55,40,0
55,41,0
55,42,0
55,43,0
55,44,0
55,45,-10
55,46,-9
55,47,-8
55,48,0
55,49,0
55,50,0
55,51,0
55,52,0
55,53,0
55,54,-1
55,55,0
55,56,1
55,57,1
55,58,1
55,59,1
55,60,1
55,61,1
55,62,1
55,63,8
55,64,9
55,65,10
55,66,0
55,67,0
55,68,0
55,69,0
55,70,0
55,71,0
55,72,17
55,73,9
55,74,19
55,75,10
55,76,0
55,77,0
55,78,0
55,79,0
55,80,0
56,0,0
56,1,0
56,2,-9
56,3,0
56,4,0
56,5,0
56,6,0
56,7,0
56,8,-8
56,9,0
56,10,0
56,11,-9
56,12,0
56,13,0
56,14,0
56,15,0
56,16,-8
56,17,0
56,18,0
56,19,0
56,20,-9
56,21,0
56,22,0
56,23,0
56,24,-8
56,25,0
56,26,0
56,27,0
56,28,0
56,29,-9
56,30,0
56,31,0
56,32,-8
56,33,0
56,34,0
56,35,0
56,36,-10
56,37,-19
56,38,-9
56,39,-17
56,40,-8
56,41,0
56,42,0
56,43,0
56,44,0
56,45,0
56,46,-10
56,47,-9
56,48,-8
56,49,0
56,50,0
56,51,0
56,52,0
56,53,0
56,54,-1
56,55,-1
56,56,0
56,57,1
56,58,1
56,59,1
56,60,1
56,61,1
56,62,1
56,63,0
56,64,8
56,65,9
56,66,10
56,67,0
56,68,0
56,69,0
56,70,0
56,71,0
56,72,8
56,73,17
56,74,9
56,75,19
56,76,10
56,77,0
56,78,0
56,79,0
56,80,0
57,0,0
57,1,0
57,2,0
57,3,-9
57,4,0
57,5,0
57,6,0
57,7,0
57,8,0
57,9,0
57,10,0
57,11,0
57,12,-9
57,13,0
57,14,0
57,15,0
57,16,0
57,17,-8
57,18,0
57,19,0
57,20,0
57,21,-9
57,22,0
57,23,0
57,24,0
57,25,-8
57,26,0
57,27,-10
57,28,0
57,29,0
57,30,-9
57,31,0
57,32,0
57,33,-8
57,34,0
57,35,0
57,36,0
57,37,-10
57,38,-19
57,39,-9
57,40,-17
57,41,-8
57,42,0
57,43,0
57,44,0
57,45,0
57,46,0
57,47,-10
57,48,-9
57,49,-8
57,50,0
57,51,0
57,52,0
57,53,0
57,54,-1
57,55,-1
57,56,-1
57,57,0
57,58,1
57,59,1
57,60,1
57,61,1
57,62,1
57,63,0
57,64,0
57,65,8
57,66,9
57,67,10
57,68,0
57,69,0
57,70,0
57,71,0
57,72,0
57,73,8
57,74,17
57,75,9
57,76,19
57,77,10
57,78,0
57,79,0
57,80,0
58,0,0
58,1,0
58,2,0
58,3,0
58,4,-9
58,5,0
58,6,0
58,7,0
58,8,0
58,9,0
58,10,0
58,11,0
58,12,0
58,13,-9
58,14,0
58,15,0
58,16,0
58,17,0
58,18,-10
58,19,0
58,20,0
58,21,0
58,22,-9
58,23,0
58,24,0
58,25,0
58,26,-8
58,27,0
58,28,-10
58,29,0
58,30,0
58,31,-9
58,32,0
58,33,0
58,34,-8
58,35,0
58,36,0
58,37,0
58,38,-10
58,39,-19
58,40,-9
58,41,-17
58,42,-8
58,43,0
58,44,0
58,45,0
58,46,0
58,47,0
58,48,-10
58,49,-9
58,50,-8
58,51,0
58,52,0
58,53,0
58,54,-1
58,55,-1
58,56,-1
58,57,-1
58,58,0
58,59,1
58,60,1
58,61,1
58,62,1
58,63,0
58,64,0
58,65,0
58,66,8
58,67,9
58,68,10
58,69,0
58,70,0
58,71,0
58,72,0
58,73,0
58,74,8
58,75,17
58,76,9
58,77,19
58,78,10
58,79,0
58,80,0
59,0,0
59,1,0
59,2,0
59,3,0
59,4,0
59,5,-9
59,6,0
59,7,0
59,8,0
59,9,-10
59,10,0
59,11,0
59,12,0
59,13,0
59,14,-9
59,15,0
59,16,0
59,17,0
59,18,0
59,19,-10
59,20,0
59,21,0
59,22,0
59,23,-9
59,24,0
59,25,0
59,26,0
59,27,0
59,28,0
59,29,-10
59,30,0
59,31,0
59,32,-9
59,33,0
59,34,0
59,35,-8
59,36,0
59,37,0
59,38,0
59,39,-10
59,40,-19
59,41,-9
59,42,-17
59,43,-8
59,44,0
59,45,0
59,46,0
59,47,0
59,48,0
59,49,-10
59,50,-9
59,51,-8
59,52,0
59,53,0
59,54,-1
59,55,-1
59,56,-1
59,57,-1
59,58,-1
59,59,0
59,60,1
59,61,1
59,62,1
59,63,0
59,64,0
59,65,0
59,66,0
59,67,8
59,68,9
59,69,10
59,70,0
59,71,0
59,72,0
59,73,0
59,74,0
59,75,8
59,76,17
59,77,9
59,78,19
59,79,10
59,80,0
60,0,-10
60,1,0
60,2,0
60,3,0
60,4,0
60,5,0
60,6,-9
60,7,0
60,8,0
60,9,0
60,10,-10
60,11,0
60,12,0
60,13,0
60,14,0
60,15,-9
60,16,0
60,17,0
60,18,0
60,19,0
60,20,-10
60,21,0
60,22,0
60,23,0
60,24,-9
60,25,0
60,26,0
60,27,0
60,28,0
60,29,0
60,30,-10
60,31,0
60,32,0
60,33,-9
60,34,0
60,35,0
60,36,0
60,37,0
60,38,0
60,39,0
60,40,-10
60,41,-19
60,42,-9
60,43,-17
60,44,-8
60,45,0
60,46,0
60,47,0
60,48,0
60,49,0
60,50,-10
60,51,-9
60,52,-8
60,53,0
60,54,-1
60,55,-1
60,56,-1
60,57,-1
60,58,-1
60,59,-1
60,60,0
60,61,1
60,62,1
60,63,0
60,64,0
60,65,0
60,66,0
60,67,0
60,68,8
60,69,9
60,70,10
60,71,0
60,72,0
60,73,0
60,74,0
60,75,0
60,76,8
60,77,17
60,78,9
60,79,19
60,80,10
61,0,0
61,1,-10
61,2,0
61,3,0
61,4,0
61,5,0
61,6,0
61,7,-9
61,8,0
61,9,0
61,10,0
61,11,-10
61,12,0
61,13,0
61,14,0
61,15,0
61,16,-9
61,17,0
61,18,0
61,19,0
61,20,0
61,21,-10
61,22,0
61,23,0
61,24,0
61,25,-9
61,26,0
61,27,0
61,28,0
61,29,0
61,30,0
61,31,-10
61,32,0
61,33,0
61,34,-9
61,35,0
61,36,0
61,37,0
61,38,0
61,39,0
61,40,0
61,41,-10
61,42,-19
61,43,-9
61,44,-17
61,45,0
61,46,0
61,47,0
61,48,0
61,49,0
61,50,0
61,51,-10
61,52,-9
61,53,-8
61,54,-1
61,55,-1
61,56,-1
61,57,-1
61,58,-1
61,59,-1
61,60,-1
61,61,0
61,62,1
61,63,0
61,64,0
61,65,0
61,66,0
61,67,0
61,68,0
61,69,8
61,70,9
61,71,10
61,72,0
61,73,0
61,74,0
61,75,0
61,76,0
61,77,8
61,78,17
61,79,9
61,80,19
62,0,0
62,1,0
62,2,-10
62,3,0
62,4,0
62,5,0
62,6,0
62,7,0
62,8,-9
62,9,0
62,10,0
62,11,0
62,12,-10
62,13,0
62,14,0
62,15,0
62,16,0
62,17,-9
62,18,0
62,19,0
62,20,0
62,21,0
62,22,-10
62,23,0
62,24,0
62,25,0
62,26,-9
62,27,0
62,28,0
62,29,0
62,30,0
62,31,0
62,32,-10
62,33,0
62,34,0
62,35,-9
62,36,0
62,37,0
62,38,0
62,39,0
62,40,0
62,41,0
62,42,-10
62,43,-19
62,44,-9
62,45,0
62,46,0
62,47,0
62,48,0
62,49,0
62,50,0
62,51,0
62,52,-10
62,53,-9
62,54,-1
62,55,-1
62,56,-1
62,57,-1
62,58,-1
62,59,-1
62,60,-1
62,61,-1
62,62,0
62,63,0
62,64,0
62,65,0
62,66,0
62,67,0
62,68,0
62,69,0
62,70,8
62,71,9
62,72,10
62,73,0
62,74,0
62,75,0
62,76,0
62,77,0
62,78,8
62,79,17
62,80,9
63,0,-9
63,1,0
63,2,0
63,3,0
63,4,0
63,5,0
63,6,0
63,7,-8
63,8,0
63,9,-9
63,10,0
63,11,0
63,12,0
63,13,0
63,14,0
63,15,-8
63,16,0
63,17,0
63,18,-9
63,19,0
63,20,0
63,21,0
63,22,0
63,23,-8
63,24,0
63,25,0
63,26,0
63,27,-9
63,28,0
63,29,0
63,30,0
63,31,-8
63,32,0
63,33,0
63,34,0
63,35,0
63,36,-9
63,37,0
63,38,0
63,39,-8
63,40,0
63,41,0
63,42,0
63,43,0
63,44,0
63,45,-9
63,46,-17
63,47,-8
63,48,0
63,49,0
63,50,0
63,51,0
63,52,0
63,53,-10
63,54,-9
63,55,-8
63,56,0
63,57,0
63,58,0
63,59,0
63,60,0
63,61,0
63,62,0
63,63,0
63,64,1
63,65,1
63,66,1
63,67,1
63,68,1
63,69,1
63,70,1
63,71,1
63,72,9
63,73,10
63,74,0
63,75,0
63,76,0
63,77,0
63,78,0
63,79,0
63,80,0
64,0,0
64,1,-9
64,2,0
64,3,0
64,4,0
64,5,0
64,6,0
64,7,0
64,8,-8
64,9,0
64,10,-9
64,11,0
64,12,0
64,13,0
64,14,0
64,15,0
64,16,-8
64,17,0
64,18,0
64,19,-9
64,20,0
64,21,0
64,22,0
64,23,0
64,24,-8
64,25,0
64,26,0
64,27,0
64,28,-9
64,29,0
64,30,0
64,31,0
64,32,-8
64,33,0
64,34,0
64,35,0
64,36,0
64,37,-9
64,38,0
64,39,0
64,40,-8
64,41,0
64,42,0
64,43,0
64,44,0
64,45,-19
64,46,-9
64,47,-17
64,48,-8
64,49,0
64,50,0
64,51,0
64,52,0
64,53,0
64,54,-10
64,55,-9
64,56,-8
64,57,0
64,58,0
64,59,0
64,60,0
64,61,0
64,62,0
64,63,-1
64,64,0
64,65,1
64,66,1
64,67,1
64,68,1
64,69,1
64,70,1
64,71,1
64,72,8
64,73,9
64,74,10
64,75,0
64,76,0
64,77,0
64,78,0
64,79,0
64,80,0
65,0,0
65,1,0
65,2,-9
65,3,0
65,4,0
65,5,0
65,6,0
65,7,0
65,8,0
65,9,0
65,10,0
65,11,-9
65,12,0
65,13,0
65,14,0
65,15,0
65,16,0
65,17,-8
65,18,0
65,19,0
65,20,-9
65,21,0
65,22,0
65,23,0
65,24,0
65,25,-8
65,26,0
65,27,0
65,28,0
65,29,-9
65,30,0
65,31,0
65,32,0
65,33,-8
65,34,0
65,35,0
65,36,0
65,37,0
65,38,-9
65,39,0
65,40,0
65,41,-8
65,42,0
65,43,0
65,44,0
65,45,-10
65,46,-19
65,47,-9
65,48,-17
65,49,-8
65,50,0
65,51,0
65,52,0
65,53,0
65,54,0
65,55,-10
65,56,-9
65,57,-8
65,58,0
65,59,0
65,60,0
65,61,0
65,62,0
65,63,-1
65,64,-1
65,65,0
65,66,1
65,67,1
65,68,1
65,69,1
65,70,1
65,71,1
65,72,0
65,73,8
65,74,9
65,75,10
65,76,0
65,77,0
65,78,0
65,79,0
65,80,0
66,0,0
66,1,0
66,2,0
66,3,-9
66,4,0
66,5,0
66,6,0
66,7,0
66,8,0
66,9,0
66,10,0
66,11,0
66,12,-9
66,13,0
66,14,0
66,15,0
66,16,0
66,17,0
66,18,0
66,19,0
66,20,0
66,21,-9
66,22,0
66,23,0
66,24,0
66,25,0
66,26,-8
66,27,0
66,28,0
66,29,0
66,30,-9
66,31,0
66,32,0
66,33,0
66,34,-8
66,35,0
66,36,-10
66,37,0
66,38,0
66,39,-9
66,40,0
66,41,0
66,42,-8
66,43,0
66,44,0
66,45,0
66,46,-10
66,47,-19
66,48,-9
66,49,-17
66,50,-8
66,51,0
66,52,0
66,53,0
66,54,0
66,55,0
66,56,-10
66,57,-9
66,58,-8
66,59,0
66,60,0
66,61,0
66,62,0
66,63,-1
66,64,-1
66,65,-1
66,66,0
66,67,1
66,68,1
66,69,1
66,70,1
66,71,1
66,72,0
66,73,0
66,74,8
66,75,9
66,76,10
66,77,0
66,78,0
66,79,0
66,80,0
67,0,0
67,1,0
67,2,0
67,3,0
67,4,-9
67,5,0
67,6,0
67,7,0
67,8,0
67,9,0
67,10,0
67,11,0
67,12,0
67,13,-9
67,14,0
67,15,0
67,16,0
67,17,0
67,18,0
67,19,0
67,20,0
67,21,0
67,22,-9
67,23,0
67,24,0
67,25,0
67,26,0
67,27,-10
67,28,0
67,29,0
67,30,0
67,31,-9
67,32,0
67,33,0
67,34,0
67,35,-8
67,36,0
67,37,-10
67,38,0
67,39,0
67,40,-9
67,41,0
67,42,0
67,43,-8
67,44,0
67,45,0
67,46,0
67,47,-10
67,48,-19
67,49,-9
67,50,-17
67,51,-8
67,52,0
67,53,0
67,54,0
67,55,0
67,56,0
67,57,-10
67,58,-9
67,59,-8
67,60,0
67,61,0
67,62,0
67,63,-1
67,64,-1
67,65,-1
67,66,-1
67,67,0
67,68,1
67,69,1
67,70,1
67,71,1
67,72,0
67,73,0
67,74,0
67,75,8
67,76,9
67,77,10
67,78,0
67,79,0
67,80,0
68,0,0
68,1,0
68,2,0
68,3,0
68,4,0
68,5,-9
68,6,0
68,7,0
68,8,0
68,9,0
68,10,0
68,11,0
68,12,0
68,13,0
68,14,-9
68,15,0
68,16,0
68,17,0
68,18,-10
68,19,0
68,20,0
68,21,0
68,22,0
68,23,-9
68,24,0
68,25,0
68,26,0
68,27,0
68,28,-10
68,29,0
68,30,0
68,31,0
68,32,-9
68,33,0
68,34,0
68,35,0
68,36,0
68,37,0
68,38,-10
68,39,0
68,40,0
68,41,-9
68,42,0
68,43,0
68,44,-8
68,45,0
68,46,0
68,47,0
68,48,-10
68,49,-19
68,50,-9
68,51,-17
68,52,-8
68,53,0
68,54,0
68,55,0
68,56,0
68,57,0
68,58,-10
68,59,-9
68,60,-8
68,61,0
68,62,0
68,63,-1
68,64,-1
68,65,-1
68,66,-1
68,67,-1
68,68,0
68,69,1
68,70,1
68,71,1
68,72,0
68,73,0
68,74,0
68,75,0
68,76,8
68,77,9
68,78,10
68,79,0
68,80,0
69,0,0
69,1,0
69,2,0
69,3,0
69,4,0
69,5,0
69,6,-9
69,7,0
69,8,0
69,9,-10
69,10,0
69,11,0
69,12,0
69,13,0
69,14,0
69,15,-9
69,16,0
69,17,0
69,18,0
69,19,-10
69,20,0
69,21,0
69,22,0
69,23,0
69,24,-9
69,25,0
69,26,0
69,27,0
69,28,0
69,29,-10
69,30,0
69,31,0
69,32,0
69,33,-9
69,34,0
69,35,0
69,36,0
69,37,0
69,38,0
69,39,-10
69,40,0
69,41,0
69,42,-9
69,43,0
69,44,0
69,45,0
69,46,0
69,47,0
69,48,0
69,49,-10
69,50,-19
69,51,-9
69,52,-17
69,53,-8
69,54,0
69,55,0
69,56,0
69,57,0
69,58,0
69,59,-10
69,60,-9
69,61,-8
69,62,0
69,63,-1
69,64,-1
69,65,-1
69,66,-1
69,67,-1
69,68,-1
69,69,0
69,70,1
69,71,1
69,72,0
69,73,0
69,74,0
69,75,0
69,76,0
69,77,8
69,78,9
69,79,10
69,80,0
70,0,-10
70,1,0
70,2,0
70,3,0
70,4,0
70,5,0
70,6,0
70,7,-9
70,8,0
70,9,0
70,10,-10
70,11,0
70,12,0
70,13,0
70,14,0
70,15,0
70,16,-9
70,17,0
70,18,0
70,19,0
70,20,-10
70,21,0
70,22,0
70,23,0
70,24,0
70,25,-9
70,26,0
70,27,0
70,28,0
70,29,0
70,30,-10
70,31,0
70,32,0
70,33,0
70,34,-9
70,35,0
70,36,0
70,37,0
70,38,0
70,39,0
70,40,-10
70,41,0
70,42,0
70,43,-9
70,44,0
70,45,0
70,46,0
70,47,0
70,48,0
70,49,0
70,50,-10
70,51,-19
70,52,-9
70,53,-17
70,54,0
70,55,0
70,56,0
70,57,0
70,58,0
70,59,0
70,60,-10
70,61,-9
70,62,-8
70,63,-1
70,64,-1
70,65,-1
70,66,-1
70,67,-1
70,68,-1
70,69,-1
70,70,0
70,71,1
70,72,0
70,73,0
70,74,0
70,75,0
70,76,0
70,77,0
70,78,8
70,79,9
70,80,10
71,0,0
71,1,-10
71,2,0
71,3,0
71,4,0
71,5,0
71,6,0
71,7,0
71,8,-9
71,9,0
71,10,0
71,11,-10
71,12,0
71,13,0
71,14,0
71,15,0
71,16,0
71,17,-9
71,18,0
71,19,0
71,20,0
71,21,-10
71,22,0
71,23,0
71,24,0
71,25,0
71,26,-9
71,27,0
71,28,0
71,29,0
71,30,0
71,31,-10
71,32,0
71,33,0
71,34,0
71,35,-9
71,36,0
71,37,0
71,38,0
71,39,0
71,40,0
71,41,-10
71,42,0
71,43,0
71,44,-9
71,45,0
71,46,0
71,47,0
71,48,0
71,49,0
71,50,0
71,51,-10
71,52,-19
71,53,-9
71,54,0
71,55,0
71,56,0
71,57,0
71,58,0
71,59,0
71,60,0
71,61,-10
71,62,-9
71,63,-1
71,64,-1
71,65,-1
71,66,-1
71,67,-1
71,68,-1
71,69,-1
71,70,-1
71,71,0
71,72,0
71,73,0
71,74,0
71,75,0
71,76,0
71,77,0
71,78,0
71,79,8
71,80,9
72,0,-9
72,1,0
72,2,0
72,3,0
72,4,0
72,5,0
72,6,0
72,7,0
72,8,-8
72,9,-9
72,10,0
72,11,0
72,12,0
72,13,0
72,14,0
72,15,0
72,16,-8
72,17,0
72,18,-9
72,19,0
72,20,0
72,21,0
72,22,0
72,23,0
72,24,-8
72,25,0
72,26,0
72,27,-9
72,28,0
72,29,0
72,30,0
72,31,0
72,32,-8
72,33,0
72,34,0
72,35,0
72,36,-9
72,37,0
72,38,0
72,39,0
72,40,-8
72,41,0
72,42,0
72,43,0
72,44,0
72,45,-9
72,46,0
72,47,0
72,48,-8
72,49,0
72,50,0
72,51,0
72,52,0
72,53,0
72,54,-9
72,55,-17
72,56,-8
72,57,0
72,58,0
72,59,0
72,60,0
72,61,0
72,62,-10
72,63,-9
72,64,-8
72,65,0
72,66,0
72,67,0
72,68,0
72,69,0
72,70,0
72,71,0
72,72,0
72,73,1
72,74,1
72,75,1
72,76,1
72,77,1
72,78,1
72,79,1
72,80,1
73,0,0
73,1,-9
73,2,0
73,3,0
73,4,0
73,5,0
73,6,0
73,7,0
73,8,0
73,9,0
73,10,-9
73,11,0
73,12,0
73,13,0
73,14,0
73,15,0
73,16,0
73,17,-8
73,18,0
73,19,-9
73,20,0
73,21,0
73,22,0
73,23,0
73,24,0
73,25,-8
73,26,0
73,27,0
73,28,-9
73,29,0
73,30,0
73,31,0
73,32,0
73,33,-8
73,34,0
73,35,0
73,36,0
73,37,-9
73,38,0
73,39,0
73,40,0
73,41,-8
73,42,0
73,43,0
73,44,0
73,45,0
73,46,-9
73,47,0
73,48,0
73,49,-8
73,50,0
73,51,0
73,52,0
73,53,0
73,54,-19
73,55,-9
73,56,-17
73,57,-8
73,58,0
73,59,0
73,60,0
73,61,0
73,62,0
73,63,-10
73,64,-9
73,65,-8
73,66,0
73,67,0
73,68,0
73,69,0
73,70,0
73,71,0
73,72,-1
73,73,0
73,74,1
73,75,1
73,76,1
73,77,1
73,78,1
73,79,1
73,80,1
74,0,0
74,1,0
74,2,-9
74,3,0
74,4,0
74,5,0
74,6,0
74,7,0
74,8,0
74,9,0
74,10,0
74,11,-9
74,12,0
74,13,0
74,14,0
74,15,0
74,16,0
74,17,0
74,18,0
74,19,0
74,20,-9
74,21,0
74,22,0
74,23,0
74,24,0
74,25,0
74,26,-8
74,27,0
74,28,0
74,29,-9
74,30,0
74,31,0
74,32,0
74,33,0
74,34,-8
74,35,0
74,36,0
74,37,0
74,38,-9
74,39,0
74,40,0
74,41,0
74,42,-8
74,43,0
74,44,0
74,45,0
74,46,0
74,47,-9
74,48,0
74,49,0
74,50,-8
74,51,0
74,52,0
74,53,0
74,54,-10
74,55,-19
74,56,-9
74,57,-17
74,58,-8
74,59,0
74,60,0
74,61,0
74,62,0
74,63,0
74,64,-10
74,65,-9
74,66,-8
74,67,0
74,68,0
74,69,0
74,70,0
74,71,0
74,72,-1
74,73,-1
74,74,0
74,75,1
74,76,1
74,77,1
74,78,1
74,79,1
74,80,1
75,0,0
75,1,0
75,2,0
75,3,-9
75,4,0
75,5,0
75,6,0
75,7,0
75,8,0
75,9,0
75,10,0
75,11,0
75,12,-9
75,13,0
75,14,0
75,15,0
75,16,0
75,17,0
75,18,0
75,19,0
75,20,0
75,21,-9
75,22,0
75,23,0
75,24,0
75,25,0
75,26,0
75,27,0
75,28,0
75,29,0
75,30,-9
75,31,0
75,32,0
75,33,0
75,34,0
75,35,-8
75,36,0
75,37,0
75,38,0
75,39,-9
75,40,0
75,41,0
75,42,0
75,43,-8
75,44,0
75,45,-10
75,46,0
75,47,0
75,48,-9
75,49,0
75,50,0
75,51,-8
75,52,0
75,53,0
75,54,0
75,55,-10
75,56,-19
75,57,-9
75,58,-17
75,59,-8
75,60,0
75,61,0
75,62,0
75,63,0
75,64,0
75,65,-10
75,66,-9
75,67,-8
75,68,0
75,69,0
75,70,0
75,71,0
75,72,-1
75,73,-1
75,74,-1
75,75,0
75,76,1
75,77,1
75,78,1
75,79,1
75,80,1
76,0,0
76,1,0
76,2,0
76,3,0
76,4,-9
76,5,0
76,6,0
76,7,0
76,8,0
76,9,0
76,10,0
76,11,0
76,12,0
76,13,-9
76,14,0
76,15,0
76,16,0
76,17,0
76,18,0
76,19,0
76,20,0
76,21,0
76,22,-9
76,23,0
76,24,0
76,25,0
76,26,0
76,27,0
76,28,0
76,29,0
76,30,0
76,31,-9
76,32,0
76,33,0
76,34,0
76,35,0
76,36,-10
76,37,0
76,38,0
76,39,0
76,40,-9
76,41,0
76,42,0
76,43,0
76,44,-8
76,45,0
76,46,-10
76,47,0
76,48,0
76,49,-9
76,50,0
76,51,0
76,52,-8
76,53,0
76,54,0
76,55,0
76,56,-10
76,57,-19
76,58,-9
76,59,-17
76,60,-8
76,61,0
76,62,0
76,63,0
76,64,0
76,65,0
76,66,-10
76,67,-9
76,68,-8
76,69,0
76,70,0
76,71,0
76,72,-1
76,73,-1
76,74,-1
76,75,-1
76,76,0
76,77,1
76,78,1
76,79,1
76,80,1
77,0,0
77,1,0
77,2,0
77,3,0
77,4,0
77,5,-9
77,6,0
77,7,0
77,8,0
77,9,0
77,10,0
77,11,0
77,12,0
77,13,0
77,14,-9
77,15,0
77,16,0
77,17,0
77,18,0
77,19,0
77,20,0
77,21,0
77,22,0
77,23,-9
77,24,0
77,25,0
77,26,0
77,27,-10
77,28,0
77,29,0
77,30,0
77,31,0
77,32,-9
77,33,0
77,34,0
77,35,0
77,36,0
77,37,-10
77,38,0
77,39,0
77,40,0
77,41,-9
77,42,0
77,43,0
77,44,0
77,45,0
77,46,0
77,47,-10
77,48,0
77,49,0
77,50,-9
77,51,0
77,52,0
77,53,-8
77,54,0
77,55,0
77,56,0
77,57,-10
77,58,-19
77,59,-9
77,60,-17
77,61,-8
77,62,0
77,63,0
77,64,0
77,65,0
77,66,0
77,67,-10
77,68,-9
77,69,-8
77,70,0
77,71,0
77,72,-1
77,73,-1
77,74,-1
77,75,-1
77,76,-1
77,77,0
77,78,1
77,79,1
77,80,1
78,0,0
78,1,0
78,2,0
78,3,0
78,4,0
78,5,0
78,6,-9
78,7,0
78,8,0
78,9,0
78,10,0
78,11,0
78,12,0
78,13,0
78,14,0
78,15,-9
78,16,0
78,17,0
78,18,-10
78,19,0
78,20,0
78,21,0
78,22,0
78,23,0
78,24,-9
78,25,0
78,26,0
78,27,0
78,28,-10
78,29,0
78,30,0
78,31,0
78,32,0
78,33,-9
78,34,0
78,35,0
78,36,0
78,37,0
78,38,-10
78,39,0
78,40,0
78,41,0
78,42,-9
78,43,0
78,44,0
78,45,0
78,46,0
78,47,0
78,48,-10
78,49,0
78,50,0
78,51,-9
78,52,0
78,53,0
78,54,0
78,55,0
78,56,0
78,57,0
78,58,-10
78,59,-19
78,60,-9
78,61,-17
78,62,-8
78,63,0
78,64,0
78,65,0
78,66,0
78,67,0
78,68,-10
78,69,-9
78,70,-8
78,71,0
78,72,-1
78,73,-1
78,74,-1
78,75,-1
78,76,-1
78,77,-1
78,78,0
78,79,1
78,80,1
79,0,0
79,1,0
79,2,0
79,3,0
79,4,0
79,5,0
79,6,0
79,7,-9
79,8,0
79,9,-10
79,10,0
79,11,0
79,12,0
79,13,0
79,14,0
79,15,0
79,16,-9
79,17,0
79,18,0
79,19,-10
79,20,0
79,21,0
79,22,0
79,23,0
79,24,0
79,25,-9
79,26,0
79,27,0
79,28,0
79,29,-10
79,30,0
79,31,0
79,32,0
79,33,0
79,34,-9
79,35,0
79,36,0
79,37,0
79,38,0
79,39,-10
79,40,0
79,41,0
79,42,0
79,43,-9
79,44,0
79,45,0
79,46,0
79,47,0
79,48,0
79,49,-10
79,50,0
79,51,0
79,52,-9
79,53,0
79,54,0
79,55,0
79,56,0
79,57,0
79,58,0
79,59,-10
79,60,-19
79,61,-9
79,62,-17
79,63,0
79,64,0
79,65,0
79,66,0
79,67,0
79,68,0
79,69,-10
79,70,-9
79,71,-8
79,72,-1
79,73,-1
79,74,-1
79,75,-1
79,76,-1
79,77,-1
79,78,-1
79,79,0
79,80,1
80,0,-10
80,1,0
80,2,0
80,3,0
80,4,0
80,5,0
80,6,0
80,7,0
80,8,-9
80,9,0
80,10,-10
80,11,0
80,12,0
80,13,0
80,14,0
80,15,0
80,16,0
80,17,-9
80,18,0
80,19,0
80,20,-10
80,21,0
80,22,0
80,23,0
80,24,0
80,25,0
80,26,-9
80,27,0
80,28,0
80,29,0
80,30,-10
80,31,0
80,32,0
80,33,0
80,34,0
80,35,-9
80,36,0
80,37,0
80,38,0
80,39,0
80,40,-10
80,41,0
80,42,0
80,43,0
80,44,-9
80,45,0
80,46,0
80,47,0
80,48,0
80,49,0
80,50,-10
80,51,0
80,52,0
80,53,-9
80,54,0
80,55,0
80,56,0
80,57,0
80,58,0
80,59,0
80,60,-10
80,61,-19
80,62,-9
80,63,0
80,64,0
80,65,0
80,66,0
80,67,0
80,68,0
80,69,0
80,70,-10
80,71,-9
80,72,-1
80,73,-1
80,74,-1
80,75,-1
80,76,-1
80,77,-1
80,78,-1
80,79,-1
80,80,0
